11,1,1,1,0.81
11,1,2,1,1.43
11,1,3,1,0.205
11,1,4,1,1.1
11,1,5,1,1.32
11,1,6,1,1.305
11,1,7,1,0.205
11,1,8,1,1.275
11,1,9,1,1.27
11,1,10,1,0.205
11,1,11,1,1.1
11,1,12,1,0.205
11,1,13,1,1.18
11,1,14,1,1.395
11,1,15,1,1.32
11,1,16,1,1.37
11,1,17,1,0.205
11,1,18,1,1.235
11,1,19,1,1.355
11,1,20,1,1.425
11,1,21,1,1.28
11,1,22,1,1.24
11,1,23,1,1.43
11,1,24,1,0.205
11,1,25,1,1.175
11,1,26,1,0.205
11,1,27,1,1.195
11,1,28,1,0.205
11,1,29,1,1.195
11,1,30,1,1.365
11,1,1,2,0.99
11,1,2,2,0.205
11,1,3,2,1.385
11,1,4,2,0.205
11,1,5,2,1.195
11,1,6,2,0.205
11,1,7,2,1.245
11,1,8,2,0.205
11,1,9,2,1.325
11,1,10,2,0.205
11,1,11,2,1.27
11,1,12,2,0.205
11,1,13,2,1.18
11,1,14,2,0.205
11,1,15,2,1.21
11,1,16,2,0.205
11,1,17,2,1.19
11,1,18,2,1.42
11,1,19,2,0.205
11,1,20,2,0.575
11,1,21,2,0.205
11,1,22,2,0.535
11,1,23,2,0.205
11,1,24,2,0.49
11,1,25,2,0.205
11,1,26,2,0.52
11,1,27,2,0.205
11,1,28,2,0.47
11,1,29,2,0.755
11,1,30,2,0.75
11,1,31,2,0.73
11,1,32,2,0.75
11,1,33,2,0.205
11,1,34,2,0.58
11,2,1,1,0.405
11,2,2,1,0.645
11,2,3,1,0.685
11,2,4,1,0.7
11,2,5,1,0.65
11,2,6,1,0.685
11,2,7,1,0.665
11,2,8,1,0.74
11,2,9,1,0.71
11,2,10,1,0.785
11,2,11,1,0.735
11,2,12,1,0.645
11,2,13,1,0.665
11,2,14,1,0.655
11,2,15,1,0.415
11,2,16,1,0.69
11,2,17,1,0.67
11,2,18,1,0.69
11,2,19,1,0.715
11,2,20,1,0.68
11,2,21,1,0.645
11,2,1,2,0.475
11,2,2,2,0.695
11,2,3,2,0.675
11,2,4,2,0.77
11,2,5,2,0.615
11,2,6,2,0.625
11,2,7,2,0.62
11,2,8,2,0.625
11,2,9,2,0.205
11,2,10,2,0.46
11,2,11,2,0.62
11,2,12,2,0.615
11,2,13,2,0.705
11,2,14,2,0.625
11,2,15,2,0.625
11,2,16,2,0.695
11,2,17,2,0.69
11,2,18,2,0.66
11,2,19,2,0.665
11,2,20,2,0.605
11,2,21,2,0.665
11,2,22,2,0.66
11,2,23,2,0.67
11,2,24,2,0.6
11,3,1,1,0.545
11,3,2,1,0.675
11,3,3,1,0.785
11,3,4,1,0.76
11,3,5,1,0.66
11,3,6,1,0.865
11,3,7,1,0.805
11,3,8,1,0.78
11,3,9,1,0.675
11,3,10,1,0.205
11,3,11,1,0.635
11,3,12,1,0.815
11,3,13,1,0.205
11,3,14,1,0.56
11,3,15,1,0.765
11,3,16,1,0.835
11,3,17,1,0.795
11,3,18,1,0.205
11,3,19,1,0.615
11,3,20,1,0.745
11,3,21,1,0.855
11,3,22,1,0.745
11,3,1,2,0.725
11,3,2,2,0.205
11,3,3,2,0.645
11,3,4,2,0.845
11,3,5,2,0.205
11,3,6,2,0.555
11,3,7,2,0.765
11,3,8,2,0.83
11,3,9,2,0.875
11,3,10,2,0.205
11,3,11,2,0.605
11,3,12,2,0.76
11,3,13,2,0.82
11,3,14,2,0.83
11,3,15,2,0.9
11,3,16,2,0.795
11,3,17,2,0.845
11,3,18,2,0.795
11,3,19,2,0.755
11,3,20,2,0.795
11,3,21,2,0.82
11,4,1,1,0.62
11,4,2,1,0.555
11,4,3,1,0.605
11,4,4,1,0.635
11,4,5,1,0.675
11,4,6,1,0.625
11,4,7,1,0.635
11,4,8,1,0.605
11,4,9,1,0.595
11,4,10,1,0.655
11,4,11,1,0.625
11,4,12,1,0.605
11,4,13,1,0.695
11,4,14,1,0.665
11,4,15,1,0.635
11,4,16,1,0.595
11,4,17,1,0.645
11,4,18,1,0.615
11,4,19,1,0.71
11,4,20,1,0.7
11,4,21,1,0.67
11,4,22,1,0.645
11,4,1,2,0.59
11,4,2,2,0.625
11,4,3,2,0.6
11,4,4,2,0.675
11,4,5,2,0.59
11,4,6,2,0.71
11,4,7,2,0.57
11,4,8,2,0.7
11,4,9,2,0.62
11,4,10,2,0.6
11,4,11,2,0.66
11,4,12,2,0.73
11,4,13,2,0.62
11,4,14,2,0.69
11,4,15,2,0.62
11,4,16,2,0.68
11,4,17,2,0.58
11,4,18,2,0.62
11,4,19,2,0.575
11,4,20,2,0.625
11,4,21,2,0.605
11,4,22,2,0.635
11,4,23,2,0.56
11,5,1,1,0.38
11,5,2,1,0.305
11,5,3,1,0.205
11,5,4,1,0.225
11,5,5,1,0.505
11,5,6,1,0.22
11,5,7,1,0.29
11,5,8,1,0.43
11,5,9,1,0.26
11,5,10,1,0.295
11,5,11,1,0.525
11,5,12,1,0.485
11,5,13,1,0.66
11,5,14,1,0.24
11,5,15,1,0.265
11,5,16,1,0.545
11,5,17,1,0.56
11,5,18,1,0.555
11,5,19,1,0.66
11,5,20,1,0.615
11,5,21,1,0.375
11,5,22,1,0.22
11,5,23,1,0.325
11,5,24,1,0.335
11,5,25,1,0.205
11,5,26,1,0.22
11,5,27,1,0.55
11,5,28,1,0.235
11,5,29,1,0.27
11,5,30,1,0.54
11,5,31,1,0.22
11,5,32,1,0.255
11,5,33,1,0.56
11,5,34,1,0.245
11,5,35,1,0.325
11,5,36,1,0.22
11,5,37,1,0.345
11,5,38,1,0.23
11,5,39,1,0.27
11,5,1,2,0.605
11,5,2,2,0.615
11,5,3,2,0.6
11,5,4,2,0.565
11,5,5,2,0.32
11,5,6,2,0.285
11,5,7,2,0.24
11,5,8,2,0.41
11,5,9,2,0.225
11,5,10,2,0.26
11,5,11,2,0.54
11,5,12,2,0.245
11,5,13,2,0.255
11,5,14,2,0.66
11,5,15,2,0.24
11,5,16,2,0.27
11,5,17,2,0.59
11,5,18,2,0.495
11,5,19,2,0.585
11,5,20,2,0.235
11,5,21,2,0.205
11,5,22,2,0.59
11,5,23,2,0.565
11,5,24,2,0.6
11,5,25,2,1.02
11,5,26,2,0.315
11,5,27,2,0.21
11,5,28,2,0.245
11,5,29,2,0.215
11,5,30,2,0.325
11,5,31,2,0.24
11,5,32,2,0.27
11,5,33,2,0.58
11,5,34,2,0.26
11,5,35,2,0.25
11,5,36,2,0.74
11,6,1,1,0.32
11,6,2,1,0.255
11,6,3,1,0.275
11,6,4,1,0.27
11,6,5,1,0.29
11,6,6,1,0.54
11,6,7,1,0.55
11,6,8,1,0.6
11,6,9,1,0.27
11,6,10,1,0.91
11,6,11,1,0.47
11,6,12,1,0.61
11,6,13,1,0.535
11,6,14,1,0.67
11,6,15,1,0.59
11,6,16,1,0.63
11,6,17,1,0.565
11,6,18,1,0.655
11,6,19,1,0.605
11,6,20,1,0.525
11,6,21,1,0.685
11,6,22,1,0.655
11,6,23,1,0.645
11,6,24,1,0.66
11,6,25,1,0.51
11,6,26,1,0.75
11,6,27,1,0.485
11,6,1,2,0.245
11,6,2,2,0.27
11,6,3,2,0.575
11,6,4,2,0.285
11,6,5,2,0.255
11,6,6,2,0.525
11,6,7,2,0.26
11,6,8,2,0.315
11,6,9,2,0.555
11,6,10,2,0.265
11,6,11,2,0.255
11,6,12,2,0.315
11,6,13,2,0.28
11,6,14,2,0.27
11,6,15,2,0.285
11,6,16,2,0.61
11,6,17,2,0.575
11,6,18,2,0.625
11,6,19,2,0.255
11,6,20,2,0.87
11,6,21,2,0.37
11,6,22,2,0.595
11,6,23,2,0.24
11,6,24,2,0.255
11,6,25,2,0.595
11,6,26,2,0.24
11,6,27,2,0.295
11,6,28,2,0.57
11,6,29,2,0.215
11,6,30,2,0.3
11,6,31,2,0.565
11,6,32,2,0.39
11,6,33,2,0.21
11,6,34,2,0.54
11,6,35,2,0.23
11,6,36,2,0.245
11,6,37,2,0.52
11,7,1,1,0.505
11,7,2,1,0.535
11,7,3,1,0.43
11,7,4,1,0.515
11,7,5,1,0.52
11,7,6,1,0.395
11,7,7,1,0.505
11,7,8,1,0.5
11,7,9,1,0.25
11,7,10,1,0.25
11,7,11,1,0.245
11,7,12,1,0.27
11,7,13,1,0.205
11,7,14,1,0.28
11,7,15,1,0.285
11,7,16,1,0.345
11,7,17,1,0.295
11,7,18,1,0.355
11,7,19,1,0.21
11,7,20,1,0.275
11,7,21,1,0.285
11,7,22,1,0.24
11,7,23,1,0.26
11,7,24,1,0.24
11,7,25,1,0.285
11,7,26,1,0.32
11,7,27,1,0.425
11,7,28,1,0.54
11,7,29,1,0.47
11,7,30,1,0.485
11,7,31,1,0.565
11,7,32,1,0.585
11,7,33,1,0.5
11,7,34,1,0.6
11,7,35,1,0.63
11,7,36,1,0.535
11,7,1,2,0.315
11,7,2,2,0.295
11,7,3,2,0.4
11,7,4,2,0.3
11,7,5,2,0.265
11,7,6,2,0.25
11,7,7,2,0.275
11,7,8,2,0.245
11,7,9,2,0.225
11,7,10,2,0.29
11,7,11,2,0.51
11,7,12,2,0.55
11,7,13,2,0.5
11,7,14,2,0.46
11,7,15,2,0.55
11,7,16,2,0.535
11,7,17,2,0.55
11,7,18,2,0.555
11,7,19,2,0.56
11,7,20,2,0.59
11,7,21,2,0.545
11,7,22,2,0.53
11,7,23,2,0.495
11,7,24,2,0.565
11,7,25,2,0.425
11,7,26,2,0.465
11,7,27,2,0.285
11,7,28,2,0.28
11,7,29,2,0.51
11,7,30,2,0.545
11,7,31,2,0.555
11,7,32,2,0.535
11,7,33,2,0.59
11,8,1,1,0.54
11,8,2,1,0.615
11,8,3,1,0.48
11,8,4,1,0.455
11,8,5,1,0.45
11,8,6,1,0.425
11,8,7,1,0.505
11,8,8,1,0.445
11,8,9,1,0.57
11,8,10,1,0.47
11,8,11,1,0.48
11,8,12,1,0.475
11,8,13,1,0.46
11,8,14,1,0.485
11,8,15,1,0.51
11,8,16,1,0.47
11,8,17,1,0.515
11,8,18,1,0.56
11,8,19,1,0.545
11,8,20,1,0.49
11,8,21,1,0.505
11,8,22,1,0.565
11,8,23,1,0.56
11,8,24,1,0.49
11,8,25,1,0.51
11,8,26,1,0.575
11,8,27,1,0.5
11,8,28,1,0.525
11,8,1,2,0.52
11,8,2,2,0.475
11,8,3,2,0.485
11,8,4,2,0.58
11,8,5,2,0.55
11,8,6,2,0.51
11,8,7,2,0.515
11,8,8,2,0.52
11,8,9,2,0.475
11,8,10,2,0.555
11,8,11,2,0.58
11,8,12,2,0.505
11,8,13,2,0.495
11,8,14,2,0.5
11,8,15,2,0.47
11,8,16,2,0.575
11,8,17,2,0.56
11,8,18,2,0.595
11,8,19,2,0.52
11,8,20,2,0.535
11,8,21,2,0.5
11,8,22,2,0.605
11,8,23,2,0.54
11,8,24,2,0.535
11,8,25,2,0.555
11,8,26,2,0.515
11,8,27,2,0.65
11,9,1,1,1.02
11,9,2,1,0.795
11,9,3,1,0.845
11,9,4,1,0.74
11,9,5,1,0.78
11,9,6,1,0.785
11,9,7,1,0.835
11,9,8,1,0.86
11,9,9,1,0.98
11,9,10,1,0.785
11,9,11,1,0.85
11,9,12,1,0.765
11,9,13,1,0.945
11,9,14,1,0.69
11,9,15,1,0.84
11,9,16,1,0.875
11,9,17,1,0.745
11,9,1,2,0.9
11,9,2,2,0.745
11,9,3,2,0.82
11,9,4,2,0.785
11,9,5,2,0.75
11,9,6,2,0.795
11,9,7,2,0.205
11,9,8,2,0.71
11,9,9,2,0.865
11,9,10,2,0.9
11,9,11,2,0.825
11,9,12,2,0.85
11,9,13,2,0.76
11,9,14,2,0.785
11,9,15,2,0.78
11,9,16,2,0.75
11,9,17,2,0.65
11,9,18,2,0.59
11,9,19,2,0.62
11,10,1,1,0.85
11,10,2,1,0.745
11,10,3,1,0.83
11,10,4,1,0.835
11,10,5,1,0.845
11,10,6,1,0.835
11,10,7,1,0.835
11,10,8,1,0.85
11,10,9,1,0.885
11,10,10,1,0.825
11,10,11,1,0.835
11,10,12,1,0.78
11,10,13,1,0.835
11,10,14,1,1.155
11,10,15,1,0.705
11,10,16,1,0.79
11,10,17,1,0.85
11,10,1,2,0.715
11,10,2,2,0.83
11,10,3,2,0.74
11,10,4,2,0.845
11,10,5,2,0.82
11,10,6,2,0.915
11,10,7,2,0.8
11,10,8,2,0.795
11,10,9,2,0.795
11,10,10,2,0.765
11,10,11,2,0.82
11,10,12,2,0.835
11,10,13,2,0.82
11,10,14,2,0.905
11,10,15,2,0.855
11,10,16,2,0.755
11,10,17,2,0.83
11,11,1,1,0.25
11,11,2,1,0.565
11,11,3,1,0.205
11,11,4,1,0.255
11,11,5,1,0.55
11,11,6,1,0.215
11,11,7,1,0.295
11,11,8,1,0.54
11,11,9,1,0.255
11,11,10,1,0.285
11,11,11,1,0.555
11,11,12,1,0.41
11,11,13,1,0.595
11,11,14,1,0.265
11,11,15,1,0.215
11,11,16,1,0.225
11,11,17,1,0.56
11,11,18,1,0.57
11,11,19,1,0.64
11,11,20,1,0.66
11,11,21,1,0.49
11,11,22,1,0.55
11,11,23,1,0.54
11,11,24,1,0.345
11,11,25,1,0.205
11,11,26,1,0.695
11,11,27,1,0.22
11,11,28,1,0.255
11,11,29,1,0.57
11,11,30,1,0.23
11,11,31,1,0.265
11,11,32,1,0.61
11,11,33,1,0.465
11,11,34,1,0.645
11,11,35,1,0.22
11,11,1,2,0.485
11,11,2,2,0.58
11,11,3,2,0.655
11,11,4,2,0.58
11,11,5,2,0.235
11,11,6,2,0.24
11,11,7,2,0.255
11,11,8,2,0.325
11,11,9,2,0.25
11,11,10,2,0.27
11,11,11,2,0.565
11,11,12,2,0.22
11,11,13,2,0.28
11,11,14,2,0.635
11,11,15,2,0.23
11,11,16,2,0.265
11,11,17,2,0.535
11,11,18,2,0.255
11,11,19,2,0.235
11,11,20,2,0.6
11,11,21,2,0.245
11,11,22,2,0.31
11,11,23,2,0.56
11,11,24,2,0.23
11,11,25,2,0.205
11,11,26,2,0.605
11,11,27,2,0.525
11,11,28,2,0.64
11,11,29,2,0.61
11,11,30,2,0.605
11,11,31,2,0.525
11,11,32,2,0.65
11,11,33,2,0.235
11,11,34,2,0.245
11,11,35,2,0.56
11,12,1,1,0.355
11,12,2,1,0.4
11,12,3,1,0.295
11,12,4,1,0.325
11,12,5,1,0.35
11,12,6,1,0.295
11,12,7,1,0.365
11,12,8,1,0.345
11,12,9,1,0.3
11,12,10,1,0.39
11,12,11,1,0.31
11,12,12,1,0.32
11,12,13,1,0.335
11,12,14,1,0.275
11,12,15,1,0.325
11,12,16,1,0.345
11,12,17,1,0.39
11,12,18,1,0.31
11,12,19,1,0.365
11,12,20,1,0.31
11,12,21,1,0.29
11,12,22,1,0.34
11,12,23,1,0.34
11,12,24,1,0.365
11,12,25,1,0.31
11,12,26,1,0.38
11,12,27,1,0.29
11,12,28,1,0.3
11,12,29,1,0.33
11,12,30,1,0.325
11,12,31,1,0.365
11,12,32,1,0.305
11,12,33,1,0.31
11,12,34,1,0.35
11,12,35,1,0.335
11,12,36,1,0.31
11,12,37,1,0.255
11,12,38,1,0.305
11,12,39,1,0.315
11,12,40,1,0.305
11,12,41,1,0.315
11,12,42,1,0.35
11,12,43,1,0.27
11,12,44,1,0.345
11,12,1,2,0.385
11,12,2,2,0.285
11,12,3,2,0.355
11,12,4,2,0.32
11,12,5,2,0.305
11,12,6,2,0.255
11,12,7,2,0.37
11,12,8,2,0.34
11,12,9,2,0.3
11,12,10,2,0.29
11,12,11,2,0.295
11,12,12,2,0.43
11,12,13,2,0.3
11,12,14,2,0.335
11,12,15,2,0.365
11,12,16,2,0.365
11,12,17,2,0.31
11,12,18,2,0.255
11,12,19,2,0.32
11,12,20,2,0.38
11,12,21,2,0.335
11,12,22,2,0.25
11,12,23,2,0.32
11,12,24,2,0.35
11,12,25,2,0.31
11,12,26,2,0.295
11,12,27,2,0.305
11,12,28,2,0.27
11,12,29,2,0.395
11,12,30,2,0.33
11,12,31,2,0.34
11,12,32,2,0.35
11,12,33,2,0.295
11,12,34,2,0.34
11,12,35,2,0.305
11,12,36,2,0.285
11,12,37,2,0.335
11,12,38,2,0.305
11,12,39,2,0.31
11,12,40,2,0.375
11,12,41,2,0.3
11,12,42,2,0.325
11,12,43,2,0.34
11,12,44,2,0.295
11,12,45,2,0.355
11,13,1,1,0.435
11,13,2,1,0.39
11,13,3,1,0.51
11,13,4,1,0.44
11,13,5,1,0.455
11,13,6,1,0.38
11,13,7,1,0.41
11,13,8,1,0.38
11,13,9,1,0.37
11,13,10,1,0.45
11,13,11,1,0.465
11,13,12,1,0.445
11,13,13,1,0.415
11,13,14,1,0.475
11,13,15,1,0.4
11,13,16,1,0.41
11,13,17,1,0.44
11,13,18,1,0.43
11,13,19,1,0.47
11,13,20,1,0.43
11,13,21,1,0.45
11,13,22,1,0.4
11,13,23,1,0.42
11,13,24,1,0.425
11,13,25,1,0.365
11,13,26,1,0.455
11,13,27,1,0.43
11,13,28,1,0.45
11,13,29,1,0.41
11,13,30,1,0.45
11,13,31,1,0.42
11,13,32,1,0.405
11,13,33,1,0.4
11,13,1,2,0.385
11,13,2,2,0.33
11,13,3,2,0.375
11,13,4,2,0.435
11,13,5,2,0.39
11,13,6,2,0.405
11,13,7,2,0.36
11,13,8,2,0.41
11,13,9,2,0.365
11,13,10,2,0.38
11,13,11,2,0.425
11,13,12,2,0.445
11,13,13,2,0.365
11,13,14,2,0.43
11,13,15,2,0.54
11,13,16,2,0.325
11,13,17,2,0.375
11,13,18,2,0.405
11,13,19,2,0.39
11,13,20,2,0.34
11,13,21,2,0.36
11,13,22,2,0.375
11,13,23,2,0.405
11,13,24,2,0.39
11,13,25,2,0.34
11,13,26,2,0.455
11,13,27,2,0.34
11,13,28,2,0.485
11,13,29,2,0.425
11,13,30,2,0.355
11,13,31,2,0.38
11,13,32,2,0.305
11,13,33,2,0.365
11,13,34,2,0.455
11,13,35,2,0.35
11,13,36,2,0.365
11,13,37,2,0.4
11,14,1,1,0.445
11,14,2,1,0.41
11,14,3,1,0.46
11,14,4,1,0.42
11,14,5,1,0.43
11,14,6,1,0.46
11,14,7,1,0.445
11,14,8,1,0.385
11,14,9,1,0.43
11,14,10,1,0.425
11,14,11,1,0.53
11,14,12,1,0.34
11,14,13,1,0.42
11,14,14,1,0.485
11,14,15,1,0.385
11,14,16,1,0.43
11,14,17,1,0.41
11,14,18,1,0.475
11,14,19,1,0.365
11,14,20,1,0.405
11,14,21,1,0.455
11,14,22,1,0.44
11,14,23,1,0.395
11,14,24,1,0.445
11,14,25,1,0.44
11,14,26,1,0.45
11,14,27,1,0.455
11,14,28,1,0.445
11,14,29,1,0.415
11,14,30,1,0.405
11,14,31,1,0.455
11,14,32,1,0.355
11,14,33,1,0.435
11,14,1,2,0.4
11,14,2,2,0.46
11,14,3,2,0.42
11,14,4,2,0.465
11,14,5,2,0.4
11,14,6,2,0.39
11,14,7,2,0.43
11,14,8,2,0.365
11,14,9,2,0.47
11,14,10,2,0.415
11,14,11,2,0.485
11,14,12,2,0.415
11,14,13,2,0.39
11,14,14,2,0.425
11,14,15,2,0.45
11,14,16,2,0.49
11,14,17,2,0.475
11,14,18,2,0.445
11,14,19,2,0.4
11,14,20,2,0.43
11,14,21,2,0.43
11,14,22,2,0.47
11,14,23,2,0.395
11,14,24,2,0.425
11,14,25,2,0.43
11,14,26,2,0.465
11,14,27,2,0.375
11,14,28,2,0.415
11,14,29,2,0.44
11,14,30,2,0.46
11,14,31,2,0.47
11,14,32,2,0.45
11,14,33,2,0.48
11,14,34,2,0.42
11,15,1,1,0.485
11,15,2,1,0.46
11,15,3,1,0.415
11,15,4,1,0.375
11,15,5,1,0.425
11,15,6,1,0.41
11,15,7,1,0.445
11,15,8,1,0.38
11,15,9,1,0.425
11,15,10,1,0.455
11,15,11,1,0.47
11,15,12,1,0.375
11,15,13,1,0.46
11,15,14,1,0.365
11,15,15,1,0.425
11,15,16,1,0.4
11,15,17,1,0.43
11,15,18,1,0.43
11,15,19,1,0.45
11,15,20,1,0.45
11,15,21,1,0.43
11,15,22,1,0.355
11,15,23,1,0.395
11,15,24,1,0.415
11,15,25,1,0.355
11,15,26,1,0.35
11,15,27,1,0.345
11,15,28,1,0.355
11,15,29,1,0.43
11,15,30,1,0.465
11,15,31,1,0.39
11,15,32,1,0.425
11,15,33,1,0.42
11,15,34,1,0.345
11,15,35,1,0.355
11,15,1,2,0.47
11,15,2,2,0.425
11,15,3,2,0.475
11,15,4,2,0.385
11,15,5,2,0.43
11,15,6,2,0.43
11,15,7,2,0.365
11,15,8,2,0.32
11,15,9,2,0.415
11,15,10,2,0.385
11,15,11,2,0.43
11,15,12,2,0.43
11,15,13,2,0.37
11,15,14,2,0.365
11,15,15,2,0.38
11,15,16,2,0.445
11,15,17,2,0.415
11,15,18,2,0.32
11,15,19,2,0.365
11,15,20,2,0.34
11,15,21,2,0.365
11,15,22,2,0.385
11,15,23,2,0.395
11,15,24,2,0.41
11,15,25,2,0.34
11,15,26,2,0.43
11,15,27,2,0.435
11,15,28,2,0.39
11,15,29,2,0.365
11,15,30,2,0.415
11,15,31,2,0.385
11,15,32,2,0.39
11,15,33,2,0.405
11,15,34,2,0.39
11,15,35,2,0.43
11,15,36,2,0.41
11,15,37,2,0.355
11,16,1,1,0.52
11,16,2,1,0.475
11,16,3,1,0.485
11,16,4,1,0.48
11,16,5,1,0.36
11,16,6,1,0.305
11,16,7,1,0.43
11,16,8,1,0.24
11,16,9,1,0.315
11,16,10,1,0.205
11,16,11,1,0.25
11,16,12,1,0.215
11,16,13,1,0.205
11,16,14,1,0.21
11,16,15,1,0.205
11,16,16,1,0.205
11,16,17,1,0.205
11,16,18,1,0.22
11,16,19,1,0.205
11,16,20,1,0.445
11,16,21,1,0.5
11,16,22,1,0.49
11,16,23,1,0.25
11,16,24,1,0.265
11,16,25,1,0.24
11,16,26,1,0.205
11,16,27,1,0.205
11,16,28,1,0.205
11,16,29,1,0.205
11,16,30,1,0.345
11,16,31,1,0.55
11,16,32,1,0.255
11,16,33,1,0.205
11,16,34,1,0.23
11,16,35,1,0.205
11,16,36,1,0.265
11,16,37,1,0.265
11,16,38,1,0.205
11,16,39,1,0.225
11,16,40,1,0.36
11,16,41,1,0.24
11,16,42,1,0.23
11,16,43,1,0.245
11,16,44,1,0.23
11,16,45,1,0.23
11,16,46,1,0.215
11,16,47,1,0.225
11,16,48,1,0.215
11,16,49,1,0.32
11,16,1,2,0.45
11,16,2,2,0.53
11,16,3,2,0.26
11,16,4,2,0.32
11,16,5,2,0.27
11,16,6,2,0.31
11,16,7,2,0.27
11,16,8,2,0.265
11,16,9,2,0.235
11,16,10,2,0.225
11,16,11,2,0.215
11,16,12,2,0.255
11,16,13,2,0.555
11,16,14,2,0.52
11,16,15,2,0.545
11,16,16,2,0.215
11,16,17,2,0.315
11,16,18,2,0.245
11,16,19,2,0.235
11,16,20,2,0.23
11,16,21,2,0.25
11,16,22,2,0.24
11,16,23,2,0.23
11,16,24,2,0.205
11,16,25,2,0.245
11,16,26,2,0.495
11,16,27,2,0.52
11,16,28,2,0.495
11,16,29,2,0.235
11,16,30,2,0.295
11,16,31,2,0.255
11,16,32,2,0.245
11,16,33,2,0.23
11,16,34,2,0.23
11,16,35,2,0.315
11,16,36,2,0.51
11,16,37,2,0.25
11,16,38,2,0.26
11,16,39,2,0.215
11,16,40,2,0.27
11,16,41,2,0.295
11,16,42,2,0.215
11,16,43,2,0.205
11,16,44,2,0.345
11,16,45,2,0.235
11,16,46,2,0.235
11,16,47,2,0.205
11,16,48,2,0.23
11,16,49,2,0.24
11,16,50,2,0.285
11,17,1,1,0.545
11,17,2,1,0.585
11,17,3,1,0.205
11,17,4,1,0.48
11,17,5,1,0.52
11,17,6,1,0.61
11,17,7,1,0.575
11,17,8,1,0.55
11,17,9,1,0.475
11,17,10,1,0.535
11,17,11,1,0.555
11,17,12,1,0.55
11,17,13,1,0.505
11,17,14,1,0.57
11,17,15,1,0.6
11,17,16,1,0.465
11,17,17,1,0.5
11,17,18,1,0.535
11,17,19,1,0.4
11,17,20,1,0.5
11,17,21,1,0.55
11,17,22,1,0.335
11,17,23,1,0.205
11,17,24,1,0.445
11,17,25,1,0.55
11,17,26,1,0.525
11,17,27,1,0.55
11,17,28,1,0.445
11,17,29,1,0.59
11,17,1,2,0.525
11,17,2,2,0.595
11,17,3,2,0.61
11,17,4,2,0.67
11,17,5,2,0.575
11,17,6,2,0.61
11,17,7,2,0.415
11,17,8,2,0.385
11,17,9,2,0.49
11,17,10,2,0.47
11,17,11,2,0.54
11,17,12,2,0.47
11,17,13,2,0.55
11,17,14,2,0.495
11,17,15,2,0.525
11,17,16,2,0.485
11,17,17,2,0.545
11,17,18,2,0.57
11,17,19,2,0.585
11,17,20,2,0.61
11,17,21,2,0.47
11,17,22,2,0.475
11,17,23,2,0.47
11,17,24,2,0.52
11,17,25,2,0.425
11,17,26,2,0.44
11,17,27,2,0.44
11,17,28,2,0.435
11,18,1,1,0.35
11,18,2,1,0.35
11,18,3,1,0.31
11,18,4,1,0.335
11,18,5,1,0.31
11,18,6,1,0.29
11,18,7,1,0.33
11,18,8,1,0.345
11,18,9,1,0.3
11,18,10,1,0.33
11,18,11,1,0.335
11,18,12,1,0.265
11,18,13,1,0.36
11,18,14,1,0.325
11,18,15,1,0.34
11,18,16,1,0.305
11,18,17,1,0.325
11,18,18,1,0.36
11,18,19,1,0.405
11,18,20,1,0.295
11,18,21,1,0.31
11,18,22,1,0.315
11,18,23,1,0.36
11,18,24,1,0.285
11,18,25,1,0.32
11,18,26,1,0.31
11,18,27,1,0.23
11,18,28,1,0.325
11,18,29,1,0.305
11,18,30,1,0.355
11,18,31,1,0.3
11,18,32,1,0.285
11,18,33,1,0.315
11,18,34,1,0.3
11,18,35,1,0.305
11,18,36,1,0.3
11,18,37,1,0.305
11,18,38,1,0.29
11,18,39,1,0.29
11,18,40,1,0.35
11,18,41,1,0.3
11,18,42,1,0.32
11,18,43,1,0.325
11,18,44,1,0.305
11,18,45,1,0.315
11,18,46,1,0.295
11,18,1,2,0.27
11,18,2,2,0.29
11,18,3,2,0.305
11,18,4,2,0.325
11,18,5,2,0.34
11,18,6,2,0.33
11,18,7,2,0.315
11,18,8,2,0.31
11,18,9,2,0.345
11,18,10,2,0.31
11,18,11,2,0.31
11,18,12,2,0.26
11,18,13,2,0.31
11,18,14,2,0.32
11,18,15,2,0.31
11,18,16,2,0.34
11,18,17,2,0.32
11,18,18,2,0.31
11,18,19,2,0.33
11,18,20,2,0.305
11,18,21,2,0.295
11,18,22,2,0.295
11,18,23,2,0.34
11,18,24,2,0.31
11,18,25,2,0.31
11,18,26,2,0.28
11,18,27,2,0.375
11,18,28,2,0.31
11,18,29,2,0.32
11,18,30,2,0.3
11,18,31,2,0.27
11,18,32,2,0.31
11,18,33,2,0.26
11,18,34,2,0.325
11,18,35,2,0.33
11,18,36,2,0.315
11,18,37,2,0.28
11,18,38,2,0.285
11,18,39,2,0.28
11,18,40,2,0.325
11,18,41,2,0.34
11,18,42,2,0.265
11,18,43,2,0.28
11,18,44,2,0.26
11,18,45,2,0.265
11,18,46,2,0.3
11,18,47,2,0.295
11,18,48,2,0.275
11,18,49,2,0.3
11,19,1,1,0.26
11,19,2,1,0.295
11,19,3,1,0.295
11,19,4,1,0.23
11,19,5,1,0.265
11,19,6,1,0.505
11,19,7,1,0.6
11,19,8,1,0.605
11,19,9,1,0.39
11,19,10,1,0.785
11,19,11,1,0.445
11,19,12,1,0.285
11,19,13,1,0.27
11,19,14,1,0.265
11,19,15,1,0.245
11,19,16,1,0.205
11,19,17,1,0.535
11,19,18,1,0.25
11,19,19,1,0.27
11,19,20,1,0.515
11,19,21,1,0.295
11,19,22,1,0.22
11,19,23,1,0.47
11,19,24,1,0.415
11,19,25,1,0.205
11,19,26,1,0.295
11,19,27,1,0.255
11,19,28,1,0.23
11,19,29,1,0.265
11,19,30,1,0.5
11,19,31,1,0.56
11,19,32,1,0.52
11,19,33,1,0.26
11,19,34,1,0.5
11,19,35,1,0.465
11,19,36,1,0.395
11,19,37,1,0.215
11,19,38,1,0.29
11,19,39,1,0.235
11,19,40,1,0.215
11,19,41,1,0.24
11,19,1,2,0.28
11,19,2,2,0.245
11,19,3,2,0.455
11,19,4,2,0.27
11,19,5,2,0.265
11,19,6,2,0.49
11,19,7,2,0.24
11,19,8,2,0.26
11,19,9,2,0.52
11,19,10,2,0.435
11,19,11,2,0.23
11,19,12,2,0.23
11,19,13,2,0.275
11,19,14,2,0.29
11,19,15,2,0.24
11,19,16,2,0.485
11,19,17,2,0.55
11,19,18,2,0.495
11,19,19,2,0.28
11,19,20,2,0.45
11,19,21,2,0.59
11,19,22,2,0.435
11,19,23,2,0.235
11,19,24,2,0.245
11,19,25,2,0.24
11,19,26,2,0.235
11,19,27,2,0.265
11,19,28,2,0.58
11,19,29,2,0.265
11,19,30,2,0.23
11,19,31,2,0.545
11,19,32,2,0.225
11,19,33,2,0.23
11,19,34,2,0.48
11,19,35,2,0.405
11,19,36,2,0.23
11,19,37,2,0.27
11,19,38,2,0.24
11,19,39,2,0.24
11,19,40,2,0.22
11,19,41,2,0.21
11,19,42,2,0.485
11,19,43,2,0.535
11,20,1,1,0.245
11,20,2,1,0.27
11,20,3,1,0.245
11,20,4,1,0.23
11,20,5,1,0.235
11,20,6,1,0.53
11,20,7,1,0.535
11,20,8,1,0.51
11,20,9,1,0.38
11,20,10,1,0.695
11,20,11,1,0.245
11,20,12,1,0.205
11,20,13,1,0.225
11,20,14,1,0.31
11,20,15,1,0.205
11,20,16,1,0.205
11,20,17,1,0.475
11,20,18,1,0.215
11,20,19,1,0.215
11,20,20,1,0.495
11,20,21,1,0.225
11,20,22,1,0.255
11,20,23,1,0.45
11,20,24,1,0.25
11,20,25,1,0.205
11,20,26,1,0.21
11,20,27,1,0.285
11,20,28,1,0.215
11,20,29,1,0.205
11,20,30,1,0.205
11,20,31,1,0.22
11,20,32,1,0.525
11,20,33,1,0.5
11,20,34,1,0.495
11,20,35,1,0.255
11,20,36,1,0.455
11,20,37,1,0.53
11,20,38,1,0.38
11,20,39,1,0.21
11,20,40,1,0.22
11,20,41,1,0.385
11,20,42,1,0.23
11,20,43,1,0.215
11,20,44,1,0.525
11,20,45,1,0.205
11,20,1,2,0.21
11,20,2,2,0.48
11,20,3,2,0.23
11,20,4,2,0.205
11,20,5,2,0.215
11,20,6,2,0.55
11,20,7,2,0.345
11,20,8,2,0.605
11,20,9,2,0.27
11,20,10,2,0.205
11,20,11,2,0.205
11,20,12,2,0.205
11,20,13,2,0.425
11,20,14,2,0.51
11,20,15,2,0.575
11,20,16,2,0.315
11,20,17,2,0.49
11,20,18,2,0.505
11,20,19,2,0.245
11,20,20,2,0.23
11,20,21,2,0.24
11,20,22,2,0.215
11,20,23,2,0.23
11,20,24,2,0.225
11,20,25,2,0.215
11,20,26,2,0.245
11,20,27,2,0.515
11,20,28,2,0.225
11,20,29,2,0.24
11,20,30,2,0.51
11,20,31,2,0.215
11,20,32,2,0.225
11,20,33,2,0.205
11,20,34,2,0.5
11,20,35,2,0.305
11,20,36,2,0.205
11,20,37,2,0.21
11,20,38,2,0.215
11,20,39,2,0.205
11,20,40,2,0.205
11,20,41,2,0.21
11,20,42,2,0.475
11,20,43,2,0.47
11,20,44,2,0.495
11,20,45,2,0.24
11,20,46,2,0.235
11,21,1,1,0.335
11,21,2,1,0.23
11,21,3,1,0.285
11,21,4,1,0.24
11,21,5,1,0.225
11,21,6,1,0.215
11,21,7,1,0.215
11,21,8,1,0.495
11,21,9,1,0.24
11,21,10,1,0.23
11,21,11,1,0.56
11,21,12,1,0.245
11,21,13,1,0.24
11,21,14,1,0.38
11,21,15,1,0.24
11,21,16,1,0.22
11,21,17,1,0.205
11,21,18,1,0.205
11,21,19,1,0.25
11,21,20,1,0.25
11,21,21,1,0.23
11,21,22,1,0.24
11,21,23,1,0.54
11,21,24,1,0.5
11,21,25,1,0.615
11,21,26,1,0.545
11,21,27,1,0.255
11,21,28,1,0.3
11,21,29,1,0.205
11,21,30,1,0.235
11,21,31,1,0.215
11,21,32,1,0.215
11,21,33,1,0.26
11,21,34,1,0.325
11,21,35,1,0.23
11,21,36,1,0.235
11,21,37,1,0.455
11,21,38,1,0.265
11,21,39,1,0.205
11,21,40,1,0.485
11,21,41,1,0.23
11,21,42,1,0.215
11,21,43,1,0.44
11,21,44,1,0.24
11,21,45,1,0.22
11,21,46,1,0.225
11,21,47,1,0.26
11,21,48,1,0.275
11,21,49,1,0.24
11,21,50,1,0.205
11,21,1,2,0.43
11,21,2,2,0.475
11,21,3,2,0.55
11,21,4,2,0.44
11,21,5,2,0.54
11,21,6,2,0.25
11,21,7,2,0.205
11,21,8,2,0.205
11,21,9,2,0.205
11,21,10,2,0.205
11,21,11,2,0.255
11,21,12,2,0.25
11,21,13,2,0.245
11,21,14,2,0.28
11,21,15,2,0.475
11,21,16,2,0.245
11,21,17,2,0.25
11,21,18,2,0.49
11,21,19,2,0.23
11,21,20,2,0.25
11,21,21,2,0.485
11,21,22,2,0.22
11,21,23,2,0.255
11,21,24,2,0.205
11,21,25,2,0.245
11,21,26,2,0.275
11,21,27,2,0.25
11,21,28,2,0.235
11,21,29,2,0.24
11,21,30,2,0.505
11,21,31,2,0.46
11,21,32,2,0.5
11,21,33,2,0.705
11,21,34,2,0.405
11,21,35,2,0.285
11,21,36,2,0.275
11,21,37,2,0.255
11,21,38,2,0.235
11,21,39,2,0.255
11,21,40,2,0.23
11,21,41,2,0.28
11,21,42,2,0.245
11,21,43,2,0.465
11,21,44,2,0.225
11,21,45,2,0.25
11,21,46,2,0.205
11,22,1,1,0.365
11,22,2,1,0.32
11,22,3,1,0.36
11,22,4,1,0.33
11,22,5,1,0.31
11,22,6,1,0.585
11,22,7,1,0.315
11,22,8,1,0.27
11,22,9,1,0.285
11,22,10,1,0.285
11,22,11,1,0.31
11,22,12,1,0.28
11,22,13,1,0.325
11,22,14,1,0.35
11,22,15,1,0.595
11,22,16,1,0.74
11,22,17,1,0.305
11,22,18,1,0.315
11,22,19,1,0.335
11,22,20,1,0.26
11,22,21,1,0.31
11,22,22,1,0.255
11,22,23,1,0.305
11,22,24,1,0.3
11,22,25,1,0.285
11,22,26,1,0.255
11,22,27,1,0.345
11,22,28,1,0.31
11,22,29,1,0.245
11,22,30,1,0.245
11,22,31,1,0.28
11,22,32,1,0.28
11,22,33,1,0.26
11,22,34,1,0.305
11,22,35,1,0.295
11,22,36,1,0.245
11,22,37,1,0.28
11,22,38,1,0.31
11,22,39,1,0.27
11,22,40,1,0.28
11,22,41,1,0.335
11,22,42,1,0.305
11,22,43,1,0.27
11,22,44,1,0.31
11,22,45,1,0.23
11,22,46,1,0.28
11,22,1,2,0.33
11,22,2,2,0.27
11,22,3,2,0.3
11,22,4,2,0.3
11,22,5,2,0.255
11,22,6,2,0.295
11,22,7,2,0.32
11,22,8,2,0.295
11,22,9,2,0.27
11,22,10,2,0.31
11,22,11,2,0.27
11,22,12,2,0.23
11,22,13,2,0.295
11,22,14,2,0.36
11,22,15,2,0.32
11,22,16,2,0.255
11,22,17,2,0.325
11,22,18,2,0.31
11,22,19,2,0.34
11,22,20,2,0.32
11,22,21,2,0.335
11,22,22,2,0.255
11,22,23,2,0.28
11,22,24,2,0.32
11,22,25,2,0.31
11,22,26,2,0.255
11,22,27,2,0.295
11,22,28,2,0.3
11,22,29,2,0.235
11,22,30,2,0.285
11,22,31,2,0.28
11,22,32,2,0.35
11,22,33,2,0.275
11,22,34,2,0.245
11,22,35,2,0.31
11,22,36,2,0.31
11,22,37,2,0.31
11,22,38,2,0.28
11,22,39,2,0.295
11,22,40,2,0.295
11,22,41,2,0.59
11,22,42,2,0.285
11,22,43,2,0.31
11,22,44,2,0.535
11,22,45,2,0.565
11,22,46,2,0.285
11,22,47,2,0.28
11,22,48,2,0.31
11,23,1,1,0.335
11,23,2,1,0.41
11,23,3,1,0.35
11,23,4,1,0.245
11,23,5,1,0.335
11,23,6,1,0.435
11,23,7,1,0.215
11,23,8,1,0.225
11,23,9,1,0.405
11,23,10,1,0.205
11,23,11,1,0.205
11,23,12,1,0.205
11,23,13,1,0.42
11,23,14,1,0.4
11,23,15,1,0.35
11,23,16,1,0.285
11,23,17,1,0.36
11,23,18,1,0.39
11,23,19,1,0.355
11,23,20,1,0.35
11,23,21,1,0.39
11,23,22,1,0.39
11,23,23,1,0.415
11,23,24,1,0.375
11,23,25,1,0.405
11,23,26,1,0.395
11,23,27,1,0.415
11,23,28,1,0.35
11,23,29,1,0.4
11,23,30,1,0.375
11,23,31,1,0.34
11,23,32,1,0.405
11,23,33,1,0.39
11,23,34,1,0.355
11,23,35,1,0.36
11,23,36,1,0.395
11,23,37,1,0.385
11,23,38,1,0.41
11,23,39,1,0.35
11,23,40,1,0.35
11,23,41,1,0.425
11,23,1,2,0.4
11,23,2,2,0.34
11,23,3,2,0.455
11,23,4,2,0.4
11,23,5,2,0.335
11,23,6,2,0.69
11,23,7,2,1.095
11,23,8,2,0.285
11,23,9,2,0.28
11,23,10,2,0.205
11,23,11,2,0.38
11,23,12,2,0.49
11,23,13,2,0.26
11,23,14,2,0.245
11,23,15,2,0.205
11,23,16,2,0.415
11,23,17,2,0.215
11,23,18,2,0.205
11,23,19,2,0.205
11,23,20,2,0.32
11,23,21,2,0.215
11,23,22,2,0.21
11,23,23,2,0.205
11,23,24,2,0.32
11,23,25,2,0.32
11,23,26,2,0.245
11,23,27,2,0.205
11,23,28,2,0.215
11,23,29,2,0.205
11,23,30,2,0.205
11,23,31,2,0.205
11,23,32,2,0.325
11,23,33,2,0.215
11,23,34,2,0.28
11,23,35,2,0.34
11,23,36,2,0.225
11,23,37,2,0.205
11,23,38,2,0.205
11,23,39,2,0.405
11,23,40,2,0.225
11,23,41,2,0.205
11,23,42,2,0.205
11,23,43,2,0.205
11,23,44,2,0.385
11,23,45,2,0.23
11,23,46,2,0.205
11,23,47,2,0.205
11,23,48,2,0.355
11,23,49,2,0.23
11,23,50,2,0.205
11,24,1,1,0.51
11,24,2,1,0.605
11,24,3,1,0.525
11,24,4,1,0.53
11,24,5,1,0.465
11,24,6,1,0.51
11,24,7,1,0.525
11,24,8,1,0.54
11,24,9,1,0.54
11,24,10,1,0.555
11,24,11,1,0.455
11,24,12,1,0.495
11,24,13,1,0.54
11,24,14,1,0.585
11,24,15,1,0.53
11,24,16,1,0.535
11,24,17,1,0.345
11,24,18,1,0.425
11,24,19,1,0.385
11,24,20,1,0.205
11,24,21,1,0.265
11,24,22,1,0.575
11,24,23,1,0.575
11,24,24,1,0.49
11,24,25,1,0.545
11,24,26,1,0.47
11,24,27,1,0.54
11,24,28,1,0.53
11,24,29,1,0.535
11,24,1,2,0.54
11,24,2,2,0.55
11,24,3,2,0.6
11,24,4,2,0.215
11,24,5,2,0.27
11,24,6,2,0.21
11,24,7,2,0.23
11,24,8,2,0.24
11,24,9,2,0.31
11,24,10,2,0.54
11,24,11,2,0.58
11,24,12,2,0.23
11,24,13,2,0.28
11,24,14,2,0.235
11,24,15,2,0.265
11,24,16,2,0.575
11,24,17,2,0.51
11,24,18,2,0.235
11,24,19,2,0.25
11,24,20,2,0.235
11,24,21,2,0.275
11,24,22,2,0.235
11,24,23,2,0.255
11,24,24,2,0.205
11,24,25,2,0.215
11,24,26,2,0.485
11,24,27,2,0.53
11,24,28,2,0.565
11,24,29,2,0.21
11,24,30,2,0.27
11,24,31,2,0.265
11,24,32,2,0.205
11,24,33,2,0.205
11,24,34,2,0.205
11,24,35,2,0.205
11,24,36,2,0.23
11,24,37,2,0.23
11,24,38,2,0.205
11,24,39,2,0.255
11,24,40,2,0.295
11,24,41,2,0.525
11,24,42,2,0.465
11,24,43,2,0.43
11,24,44,2,0.225
11,24,45,2,0.245
