18,0,1,1,0.31
18,0,2,1,0.35
18,0,3,1,0.325
18,0,4,1,0.375
18,0,5,1,0.335
18,0,6,1,0.335
18,0,7,1,0.335
18,0,8,1,0.315
18,0,9,1,0.31
18,0,10,1,0.3
18,0,11,1,0.325
18,0,12,1,0.29
18,0,13,1,0.245
18,0,14,1,0.32
18,0,15,1,0.37
18,0,16,1,0.325
18,0,17,1,0.34
18,0,18,1,0.375
18,0,19,1,0.295
18,0,20,1,0.62
18,0,21,1,0.305
18,0,22,1,0.3
18,0,23,1,0.56
18,0,24,1,0.355
18,0,25,1,0.325
18,0,26,1,0.33
18,0,27,1,0.365
18,0,28,1,0.305
18,0,29,1,0.365
18,0,30,1,0.32
18,0,31,1,0.28
18,0,32,1,0.33
18,0,33,1,0.325
18,0,34,1,0.335
18,0,35,1,0.335
18,0,36,1,0.355
18,0,37,1,0.345
18,0,38,1,0.27
18,0,39,1,0.365
18,0,40,1,0.375
18,0,1,2,0.355
18,0,2,2,0.365
18,0,3,2,0.345
18,0,4,2,0.335
18,0,5,2,0.355
18,0,6,2,0.36
18,0,7,2,0.35
18,0,8,2,0.255
18,0,9,2,0.275
18,0,10,2,0.325
18,0,11,2,0.32
18,0,12,2,0.335
18,0,13,2,0.35
18,0,14,2,0.375
18,0,15,2,0.365
18,0,16,2,0.255
18,0,17,2,0.32
18,0,18,2,1.09
18,0,19,2,0.315
18,0,20,2,0.345
18,0,21,2,0.315
18,0,22,2,0.35
18,0,23,2,0.36
18,0,24,2,0.295
18,0,25,2,0.385
18,0,26,2,2.06
18,0,27,2,0.355
18,0,28,2,0.335
18,0,29,2,0.255
18,0,30,2,0.31
18,0,31,2,0.645
18,0,32,2,0.345
18,0,33,2,0.325
18,0,34,2,0.31
18,0,35,2,0.325
18,0,36,2,0.33
18,1,1,1,0.685
18,1,2,1,0.66
18,1,3,1,0.655
18,1,4,1,0.66
18,1,5,1,0.675
18,1,6,1,0.355
18,1,7,1,0.585
18,1,8,1,0.64
18,1,9,1,0.665
18,1,10,1,0.665
18,1,11,1,0.63
18,1,12,1,0.74
18,1,13,1,0.76
18,1,14,1,0.735
18,1,15,1,0.675
18,1,16,1,0.83
18,1,17,1,0.785
18,1,18,1,0.74
18,1,19,1,0.81
18,1,20,1,0.7
18,1,1,2,0.665
18,1,2,2,0.935
18,1,3,2,0.61
18,1,4,2,0.725
18,1,5,2,0.63
18,1,6,2,0.725
18,1,7,2,0.405
18,1,8,2,0.37
18,1,9,2,0.35
18,1,10,2,0.365
18,1,11,2,0.47
18,1,12,2,0.345
18,1,13,2,0.38
18,1,14,2,0.345
18,1,15,2,0.395
18,1,16,2,0.385
18,1,17,2,0.365
18,1,18,2,0.375
18,1,19,2,0.375
18,1,20,2,0.35
18,1,21,2,0.44
18,1,22,2,0.375
18,1,23,2,0.34
18,1,24,2,0.305
18,1,25,2,0.35
18,1,26,2,0.365
18,1,27,2,0.365
18,1,28,2,0.385
18,1,29,2,0.35
18,1,30,2,0.385
18,1,31,2,0.34
18,1,32,2,0.34
18,1,33,2,0.445
18,2,1,1,0.485
18,2,2,1,0.455
18,2,3,1,0.45
18,2,4,1,0.45
18,2,5,1,0.52
18,2,6,1,0.575
18,2,7,1,0.37
18,2,8,1,0.495
18,2,9,1,0.455
18,2,10,1,0.205
18,2,11,1,0.305
18,2,12,1,0.47
18,2,13,1,0.545
18,2,14,1,0.395
18,2,15,1,0.575
18,2,16,1,0.28
18,2,17,1,0.205
18,2,18,1,0.205
18,2,19,1,0.205
18,2,20,1,0.48
18,2,21,1,0.42
18,2,22,1,0.51
18,2,23,1,0.44
18,2,24,1,0.43
18,2,25,1,0.43
18,2,26,1,0.205
18,2,27,1,0.225
18,2,28,1,0.48
18,2,29,1,0.55
18,2,30,1,0.51
18,2,31,1,0.53
18,2,32,1,0.4
18,2,33,1,0.23
18,2,34,1,0.34
18,2,35,1,0.45
18,2,1,2,0.56
18,2,2,2,0.43
18,2,3,2,0.49
18,2,4,2,0.255
18,2,5,2,0.395
18,2,6,2,0.475
18,2,7,2,0.49
18,2,8,2,0.56
18,2,9,2,0.505
18,2,10,2,0.455
18,2,11,2,0.265
18,2,12,2,0.22
18,2,13,2,0.285
18,2,14,2,0.47
18,2,15,2,0.505
18,2,16,2,0.53
18,2,17,2,0.335
18,2,18,2,0.455
18,2,19,2,0.205
18,2,20,2,0.205
18,2,21,2,0.23
18,2,22,2,0.225
18,2,23,2,0.435
18,2,24,2,0.59
18,2,25,2,0.455
18,2,26,2,0.435
18,2,27,2,0.43
18,2,28,2,0.225
18,2,29,2,0.215
18,2,30,2,0.24
18,2,31,2,0.265
18,2,32,2,0.54
18,2,33,2,0.52
18,2,34,2,0.525
18,2,35,2,0.49
18,2,36,2,0.51
18,2,37,2,0.225
18,3,1,1,0.51
18,3,2,1,0.525
18,3,3,1,0.55
18,3,4,1,0.495
18,3,5,1,0.495
18,3,6,1,0.46
18,3,7,1,0.47
18,3,8,1,0.47
18,3,9,1,0.535
18,3,10,1,0.46
18,3,11,1,0.58
18,3,12,1,0.59
18,3,13,1,0.485
18,3,14,1,0.585
18,3,15,1,0.55
18,3,16,1,0.54
18,3,17,1,0.515
18,3,18,1,0.545
18,3,19,1,0.595
18,3,20,1,0.545
18,3,21,1,0.57
18,3,22,1,0.59
18,3,23,1,0.595
18,3,24,1,0.6
18,3,25,1,0.51
18,3,26,1,0.545
18,3,1,2,0.635
18,3,2,2,0.62
18,3,3,2,0.525
18,3,4,2,0.62
18,3,5,2,0.56
18,3,6,2,0.6
18,3,7,2,0.605
18,3,8,2,0.475
18,3,9,2,0.585
18,3,10,2,0.54
18,3,11,2,0.58
18,3,12,2,0.595
18,3,13,2,0.58
18,3,14,2,0.52
18,3,15,2,0.57
18,3,16,2,0.485
18,3,17,2,0.595
18,3,18,2,0.51
18,3,19,2,0.58
18,3,20,2,0.59
18,3,21,2,0.51
18,3,22,2,0.565
18,3,23,2,0.645
18,3,24,2,0.42
18,3,25,2,0.34
18,3,26,2,0.455
18,4,1,1,0.38
18,4,2,1,0.71
18,4,3,1,0.68
18,4,4,1,0.33
18,4,5,1,0.395
18,4,6,1,0.645
18,4,7,1,0.665
18,4,8,1,0.4
18,4,9,1,0.325
18,4,10,1,0.415
18,4,11,1,0.27
18,4,12,1,0.655
18,4,13,1,0.37
18,4,14,1,0.34
18,4,15,1,0.375
18,4,16,1,0.335
18,4,17,1,0.645
18,4,18,1,0.395
18,4,19,1,0.33
18,4,20,1,0.35
18,4,21,1,0.335
18,4,22,1,0.36
18,4,23,1,0.395
18,4,24,1,0.4
18,4,25,1,0.435
18,4,26,1,0.345
18,4,27,1,0.47
18,4,28,1,0.36
18,4,29,1,0.385
18,4,30,1,0.37
18,4,31,1,0.345
18,4,32,1,0.675
18,4,33,1,0.335
18,4,1,2,0.365
18,4,2,2,0.56
18,4,3,2,0.405
18,4,4,2,0.46
18,4,5,2,0.575
18,4,6,2,0.205
18,4,7,2,0.44
18,4,8,2,0.475
18,4,9,2,0.5
18,4,10,2,0.715
18,4,11,2,0.72
18,4,12,2,0.68
18,4,13,2,0.675
18,4,14,2,0.285
18,4,15,2,0.305
18,4,16,2,0.67
18,4,17,2,0.745
18,4,18,2,0.665
18,4,19,2,0.615
18,4,20,2,0.945
18,4,21,2,1.105
18,4,22,2,0.32
18,4,23,2,0.32
18,4,24,2,0.995
18,4,25,2,0.345
18,4,26,2,0.205
18,5,1,1,0.57
18,5,2,1,0.525
18,5,3,1,0.545
18,5,4,1,0.54
18,5,5,1,0.575
18,5,6,1,0.575
18,5,7,1,0.625
18,5,8,1,0.535
18,5,9,1,0.58
18,5,10,1,0.51
18,5,11,1,0.555
18,5,12,1,0.565
18,5,13,1,0.48
18,5,14,1,0.695
18,5,15,1,0.545
18,5,16,1,0.54
18,5,17,1,0.485
18,5,18,1,0.655
18,5,19,1,0.435
18,5,20,1,0.54
18,5,21,1,0.445
18,5,22,1,0.62
18,5,23,1,0.41
18,5,24,1,0.435
18,5,25,1,0.565
18,5,26,1,0.42
18,5,1,2,0.475
18,5,2,2,0.485
18,5,3,2,0.58
18,5,4,2,0.615
18,5,5,2,0.57
18,5,6,2,0.59
18,5,7,2,0.36
18,5,8,2,0.555
18,5,9,2,0.51
18,5,10,2,0.74
18,5,11,2,0.58
18,5,12,2,0.74
18,5,13,2,0.375
18,5,14,2,0.315
18,5,15,2,0.415
18,5,16,2,0.405
18,5,17,2,0.515
18,5,18,2,0.495
18,5,19,2,0.565
18,5,20,2,0.555
18,5,21,2,0.48
18,5,22,2,0.445
18,5,23,2,0.51
18,5,24,2,0.505
18,5,25,2,0.565
18,5,26,2,0.47
18,5,27,2,0.65
18,5,28,2,0.51
18,6,1,1,0.27
18,6,2,1,0.505
18,6,3,1,0.3
18,6,4,1,0.265
18,6,5,1,0.46
18,6,6,1,0.58
18,6,7,1,0.79
18,6,8,1,0.29
18,6,9,1,0.255
18,6,10,1,0.485
18,6,11,1,0.565
18,6,12,1,0.7
18,6,13,1,0.58
18,6,14,1,0.605
18,6,15,1,0.66
18,6,16,1,0.58
18,6,17,1,0.28
18,6,18,1,0.35
18,6,19,1,0.65
18,6,20,1,0.59
18,6,21,1,0.525
18,6,22,1,0.205
18,6,23,1,0.735
18,6,24,1,0.285
18,6,25,1,0.315
18,6,26,1,0.465
18,6,27,1,0.205
18,6,28,1,0.45
18,6,29,1,0.635
18,6,30,1,0.285
18,6,31,1,0.535
18,6,1,2,0.565
18,6,2,2,0.855
18,6,3,2,0.65
18,6,4,2,0.24
18,6,5,2,0.34
18,6,6,2,0.675
18,6,7,2,0.71
18,6,8,2,0.375
18,6,9,2,6.555
18,6,10,2,0.42
18,6,11,2,0.415
18,6,12,2,0.555
18,6,13,2,0.44
18,6,14,2,0.475
18,6,15,2,0.495
18,6,16,2,0.525
18,7,1,1,1.015
18,7,2,1,0.385
18,7,3,1,0.475
18,7,4,1,0.345
18,7,5,1,0.675
18,7,6,1,0.38
18,7,7,1,0.43
18,7,8,1,0.47
18,7,9,1,0.455
18,7,10,1,1.43
18,7,11,1,0.525
18,7,12,1,0.485
18,7,13,1,0.99
18,7,14,1,0.71
18,7,15,1,0.445
18,7,16,1,0.405
18,7,17,1,0.485
18,7,18,1,0.43
18,7,19,1,0.59
18,7,20,1,1.275
18,7,21,1,0.62
18,7,22,1,0.7
18,7,23,1,0.42
18,7,1,2,0.47
18,7,2,2,0.6
18,7,3,2,0.555
18,7,4,2,0.475
18,7,5,2,0.505
18,7,6,2,0.38
18,7,7,2,0.415
18,7,8,2,0.73
18,7,9,2,0.425
18,7,10,2,0.465
18,7,11,2,0.53
18,7,12,2,0.44
18,7,13,2,0.54
18,7,14,2,0.47
18,7,15,2,0.56
18,7,16,2,0.47
18,7,17,2,3.92
18,7,18,2,0.39
18,7,19,2,0.375
18,7,20,2,0.405
18,7,21,2,0.405
18,7,22,2,0.435
18,7,23,2,0.365
18,8,1,1,0.58
18,8,2,1,0.485
18,8,3,1,0.855
18,8,4,1,0.245
18,8,5,1,0.315
18,8,6,1,0.575
18,8,7,1,0.335
18,8,8,1,0.305
18,8,9,1,0.53
18,8,10,1,0.665
18,8,11,1,0.94
18,8,12,1,0.205
18,8,13,1,2.25
18,8,1,2,5.275
18,8,2,2,0.28
18,8,3,2,0.675
18,8,4,2,0.67
18,8,5,2,0.31
18,8,6,2,0.275
18,8,7,2,0.3
18,8,8,2,0.375
18,8,9,2,0.295
18,8,10,2,0.255
18,8,11,2,0.405
18,8,12,2,0.285
18,8,13,2,0.7
18,8,14,2,0.58
18,8,15,2,0.55
18,8,16,2,0.54
18,8,17,2,0.445
18,8,18,2,0.365
18,8,19,2,0.34
18,8,20,2,0.57
18,8,21,2,0.645
18,8,22,2,0.71
18,9,1,1,0.555
18,9,2,1,0.66
18,9,3,1,0.47
18,9,4,1,0.255
18,9,5,1,0.76
18,9,6,1,0.27
18,9,7,1,0.31
18,9,8,1,0.82
18,9,9,1,0.23
18,9,10,1,0.975
18,9,11,1,0.255
18,9,12,1,0.79
18,9,13,1,0.27
18,9,14,1,0.81
18,9,15,1,0.265
18,9,16,1,0.64
18,9,17,1,0.275
18,9,18,1,0.265
18,9,19,1,0.55
18,9,20,1,0.27
18,9,21,1,0.945
18,9,22,1,0.27
18,9,23,1,0.3
18,9,24,1,1.02
18,9,25,1,0.78
18,9,26,1,0.37
18,9,1,2,0.895
18,9,2,2,0.275
18,9,3,2,0.81
18,9,4,2,0.285
18,9,5,2,0.78
18,9,6,2,0.255
18,9,7,2,0.89
18,9,8,2,0.335
18,9,9,2,0.595
18,9,10,2,0.205
18,9,11,2,2.94
18,9,12,2,0.29
18,9,13,2,0.34
18,9,14,2,0.32
18,9,15,2,0.39
18,9,16,2,0.235
18,9,17,2,0.215
18,9,18,2,0.495
18,9,19,2,1.685
18,9,20,2,0.35
18,9,21,2,0.295
18,9,22,2,0.245
18,9,23,2,0.77
18,9,24,2,0.27
18,9,25,2,0.235
18,10,1,1,0.21
18,10,2,1,0.23
18,10,3,1,0.27
18,10,4,1,0.3
18,10,5,1,0.24
18,10,6,1,0.445
18,10,7,1,0.27
18,10,8,1,0.205
18,10,9,1,0.255
18,10,10,1,0.455
18,10,11,1,0.225
18,10,12,1,0.41
18,10,13,1,0.495
18,10,14,1,0.24
18,10,15,1,0.435
18,10,16,1,0.455
18,10,17,1,0.205
18,10,18,1,0.48
18,10,19,1,0.245
18,10,20,1,0.245
18,10,21,1,0.32
18,10,22,1,0.535
18,10,23,1,0.33
18,10,24,1,0.245
18,10,25,1,0.265
18,10,26,1,0.58
18,10,27,1,0.24
18,10,28,1,0.27
18,10,29,1,0.63
18,10,30,1,0.245
18,10,31,1,0.21
18,10,32,1,0.225
18,10,33,1,0.26
18,10,34,1,0.215
18,10,35,1,0.285
18,10,36,1,0.415
18,10,37,1,0.255
18,10,38,1,0.245
18,10,39,1,0.205
18,10,40,1,0.61
18,10,41,1,0.23
18,10,42,1,0.225
18,10,43,1,0.205
18,10,44,1,0.625
18,10,1,2,0.265
18,10,2,2,1.605
18,10,3,2,0.85
18,10,4,2,0.955
18,10,5,2,0.235
18,10,6,2,0.205
18,10,7,2,0.65
18,10,8,2,0.245
18,10,9,2,0.205
18,10,10,2,0.435
18,10,11,2,0.23
18,10,12,2,0.34
18,10,13,2,0.29
18,10,14,2,1.105
18,10,15,2,0.22
18,10,16,2,0.835
18,10,17,2,0.95
18,10,18,2,0.235
18,10,19,2,0.235
18,10,20,2,2.34
18,10,21,2,0.23
18,10,22,2,0.225
18,10,23,2,1.235
18,10,24,2,0.24
18,11,1,1,0.24
18,11,2,1,4.97
18,11,3,1,0.24
18,11,4,1,0.205
18,11,5,1,1.73
18,11,6,1,0.265
18,11,7,1,0.23
18,11,8,1,1.08
18,11,9,1,0.245
18,11,10,1,0.33
18,11,11,1,0.215
18,11,12,1,0.835
18,11,13,1,0.24
18,11,14,1,0.215
18,11,15,1,0.22
18,11,16,1,0.21
18,11,17,1,0.535
18,11,18,1,0.225
18,11,19,1,0.255
18,11,20,1,0.78
18,11,21,1,0.22
18,11,22,1,0.215
18,11,1,2,0.85
18,11,2,2,1.645
18,11,3,2,0.65
18,11,4,2,1.115
18,11,5,2,0.205
18,11,6,2,0.21
18,11,7,2,0.985
18,11,8,2,0.245
18,11,9,2,0.59
18,11,10,2,0.205
18,11,11,2,0.255
18,11,12,2,0.66
18,11,13,2,0.21
18,11,14,2,1.945
18,11,15,2,0.205
18,11,16,2,1.3
18,11,17,2,0.215
18,11,18,2,0.23
18,11,19,2,1.775
18,11,20,2,0.245
18,12,1,1,0.315
18,12,2,1,0.305
18,12,3,1,0.34
18,12,4,1,0.32
18,12,5,1,0.635
18,12,6,1,0.32
18,12,7,1,0.31
18,12,8,1,0.255
18,12,9,1,0.54
18,12,10,1,0.425
18,12,11,1,0.285
18,12,12,1,0.67
18,12,13,1,0.25
18,12,14,1,0.26
18,12,15,1,0.345
18,12,16,1,0.235
18,12,17,1,0.24
18,12,18,1,0.24
18,12,19,1,0.32
18,12,20,1,0.31
18,12,21,1,0.205
18,12,22,1,0.325
18,12,23,1,0.25
18,12,24,1,0.205
18,12,25,1,0.205
18,12,26,1,0.315
18,12,27,1,0.365
18,12,28,1,0.33
18,12,29,1,0.42
18,12,30,1,0.43
18,12,31,1,0.39
18,12,32,1,0.455
18,12,33,1,0.4
18,12,34,1,0.205
18,12,35,1,1.06
18,12,36,1,0.255
18,12,37,1,0.23
18,12,38,1,0.43
18,12,39,1,0.24
18,12,40,1,0.23
18,12,41,1,0.35
18,12,42,1,0.23
18,12,1,2,0.31
18,12,2,2,0.33
18,12,3,2,0.255
18,12,4,2,1.16
18,12,5,2,0.525
18,12,6,2,0.275
18,12,7,2,1.575
18,12,8,2,0.395
18,12,9,2,0.54
18,12,10,2,0.225
18,12,11,2,0.24
18,12,12,2,0.555
18,12,13,2,1.045
18,12,14,2,0.23
18,12,15,2,0.205
18,12,16,2,0.615
18,12,17,2,0.23
18,12,18,2,0.205
18,12,19,2,0.375
18,12,20,2,0.23
18,12,21,2,0.225
18,12,22,2,0.22
18,12,23,2,0.55
18,12,24,2,0.25
18,12,25,2,0.255
18,12,26,2,0.26
18,12,27,2,0.72
18,12,28,2,0.205
18,12,29,2,0.225
18,12,30,2,0.555
18,12,31,2,0.255
18,12,32,2,0.205
18,12,33,2,0.695
18,12,34,2,0.225
18,12,35,2,0.215
18,13,1,1,0.565
18,13,2,1,0.225
18,13,3,1,0.205
18,13,4,1,0.235
18,13,5,1,0.43
18,13,6,1,0.26
18,13,7,1,0.245
18,13,8,1,0.45
18,13,9,1,0.25
18,13,10,1,0.25
18,13,11,1,0.24
18,13,12,1,0.215
18,13,13,1,0.43
18,13,14,1,0.215
18,13,15,1,0.225
18,13,16,1,0.245
18,13,17,1,0.265
18,13,18,1,0.255
18,13,19,1,0.24
18,13,20,1,0.26
18,13,21,1,0.27
18,13,22,1,0.25
18,13,23,1,0.26
18,13,24,1,0.265
18,13,25,1,0.25
18,13,26,1,0.235
18,13,27,1,0.525
18,13,28,1,0.205
18,13,29,1,0.21
18,13,30,1,0.215
18,13,31,1,0.21
18,13,32,1,1.01
18,13,33,1,0.215
18,13,34,1,0.21
18,13,35,1,0.205
18,13,36,1,0.24
18,13,37,1,0.315
18,13,38,1,0.255
18,13,39,1,0.25
18,13,40,1,0.23
18,13,41,1,0.23
18,13,42,1,0.255
18,13,43,1,0.23
18,13,44,1,0.265
18,13,45,1,0.47
18,13,46,1,0.29
18,13,47,1,0.235
18,13,48,1,0.205
18,13,49,1,0.225
18,13,1,2,0.235
18,13,2,2,0.205
18,13,3,2,0.245
18,13,4,2,0.28
18,13,5,2,0.24
18,13,6,2,0.235
18,13,7,2,0.43
18,13,8,2,0.215
18,13,9,2,0.235
18,13,10,2,0.22
18,13,11,2,0.225
18,13,12,2,0.23
18,13,13,2,0.28
18,13,14,2,0.27
18,13,15,2,0.25
18,13,16,2,0.255
18,13,17,2,0.765
18,13,18,2,0.235
18,13,19,2,0.24
18,13,20,2,0.27
18,13,21,2,0.24
18,13,22,2,0.265
18,13,23,2,0.42
18,13,24,2,0.26
18,13,25,2,0.255
18,13,26,2,0.215
18,13,27,2,0.23
18,13,28,2,0.23
18,13,29,2,0.24
18,13,30,2,0.245
18,13,31,2,0.24
18,13,32,2,0.23
18,13,33,2,0.265
18,13,34,2,0.255
18,13,35,2,0.405
18,13,36,2,0.225
18,13,37,2,0.245
18,13,38,2,0.255
18,13,39,2,0.255
18,13,40,2,0.62
18,13,41,2,0.225
18,13,42,2,0.205
18,13,43,2,0.205
18,13,44,2,0.395
18,13,45,2,0.255
18,13,46,2,0.235
18,13,47,2,0.25
18,13,48,2,0.255
18,13,49,2,0.23
18,13,50,2,0.23
18,13,51,2,0.23
18,13,52,2,0.46
18,13,53,2,0.215
18,14,1,1,0.435
18,14,2,1,0.79
18,14,3,1,0.32
18,14,4,1,0.26
18,14,5,1,0.415
18,14,6,1,0.405
18,14,7,1,0.34
18,14,8,1,0.63
18,14,9,1,0.305
18,14,10,1,0.3
18,14,11,1,0.325
18,14,12,1,0.68
18,14,13,1,0.32
18,14,14,1,0.335
18,14,15,1,0.425
18,14,16,1,0.34
18,14,17,1,0.39
18,14,18,1,0.39
18,14,19,1,0.295
18,14,20,1,0.39
18,14,21,1,0.42
18,14,22,1,0.415
18,14,23,1,0.32
18,14,24,1,0.35
18,14,25,1,0.34
18,14,26,1,0.295
18,14,27,1,0.35
18,14,28,1,0.43
18,14,29,1,0.465
18,14,30,1,0.27
18,14,31,1,0.6
18,14,32,1,0.39
18,14,33,1,0.595
18,14,34,1,0.31
18,14,35,1,0.305
18,14,36,1,0.435
18,14,1,2,0.31
18,14,2,2,0.325
18,14,3,2,0.27
18,14,4,2,0.455
18,14,5,2,0.3
18,14,6,2,0.32
18,14,7,2,0.28
18,14,8,2,0.385
18,14,9,2,0.315
18,14,10,2,0.255
18,14,11,2,0.39
18,14,12,2,0.36
18,14,13,2,0.295
18,14,14,2,0.31
18,14,15,2,0.36
18,14,16,2,0.385
18,14,17,2,0.31
18,14,18,2,0.345
18,14,19,2,0.325
18,14,20,2,0.245
18,14,21,2,0.25
18,14,22,2,0.205
18,14,23,2,0.365
18,14,24,2,0.36
18,14,25,2,0.35
18,14,26,2,0.275
18,14,27,2,0.375
18,14,28,2,0.4
18,14,29,2,0.275
18,14,30,2,0.255
18,14,31,2,0.63
18,14,32,2,0.24
18,14,33,2,0.31
18,14,34,2,0.74
18,14,35,2,0.265
18,14,36,2,0.245
18,14,37,2,0.25
18,14,38,2,0.295
18,14,39,2,0.325
18,14,40,2,0.415
18,14,41,2,0.315
18,14,42,2,0.29
18,14,43,2,0.325
18,14,44,2,0.25
18,15,1,1,0.275
18,15,2,1,0.205
18,15,3,1,0.82
18,15,4,1,0.225
18,15,5,1,0.22
18,15,6,1,0.205
18,15,7,1,0.665
18,15,8,1,0.23
18,15,9,1,0.23
18,15,10,1,1.26
18,15,11,1,0.205
18,15,12,1,1.53
18,15,13,1,0.805
18,15,14,1,0.215
18,15,15,1,0.21
18,15,16,1,1.68
18,15,17,1,0.22
18,15,18,1,0.215
18,15,19,1,0.965
18,15,20,1,0.245
18,15,21,1,0.205
18,15,22,1,0.205
18,15,23,1,1.095
18,15,24,1,0.205
18,15,25,1,0.215
18,15,26,1,0.205
18,15,27,1,0.715
18,15,28,1,0.35
18,15,29,1,0.23
18,15,30,1,0.21
18,15,1,2,0.32
18,15,2,2,0.22
18,15,3,2,0.225
18,15,4,2,0.35
18,15,5,2,0.305
18,15,6,2,0.805
18,15,7,2,0.22
18,15,8,2,0.215
18,15,9,2,0.205
18,15,10,2,0.535
18,15,11,2,0.265
18,15,12,2,0.23
18,15,13,2,0.205
18,15,14,2,0.205
18,15,15,2,0.57
18,15,16,2,0.255
18,15,17,2,0.23
18,15,18,2,0.245
18,15,19,2,0.75
18,15,20,2,0.27
18,15,21,2,0.23
18,15,22,2,0.205
18,15,23,2,0.28
18,15,24,2,0.785
18,15,25,2,0.215
18,15,26,2,0.225
18,15,27,2,0.215
18,15,28,2,0.865
18,15,29,2,0.25
18,15,30,2,0.22
18,15,31,2,0.22
18,15,32,2,0.7
18,15,33,2,0.305
18,15,34,2,0.34
18,15,35,2,0.305
18,15,36,2,0.5
18,15,37,2,0.455
18,15,38,2,0.25
18,15,39,2,0.24
18,15,40,2,0.265
18,15,41,2,0.285
18,15,42,2,0.77
18,16,1,1,0.24
18,16,2,1,0.205
18,16,3,1,0.405
18,16,4,1,0.23
18,16,5,1,0.215
18,16,6,1,0.205
18,16,7,1,0.475
18,16,8,1,0.26
18,16,9,1,0.275
18,16,10,1,0.225
18,16,11,1,0.275
18,16,12,1,0.265
18,16,13,1,0.285
18,16,14,1,0.35
18,16,15,1,0.28
18,16,16,1,0.255
18,16,17,1,0.205
18,16,18,1,0.495
18,16,19,1,0.23
18,16,20,1,0.23
18,16,21,1,0.69
18,16,22,1,0.225
18,16,23,1,0.645
18,16,24,1,0.23
18,16,25,1,0.21
18,16,26,1,0.205
18,16,27,1,0.715
18,16,28,1,0.23
18,16,29,1,0.22
18,16,30,1,0.225
18,16,31,1,0.74
18,16,32,1,0.24
18,16,33,1,0.22
18,16,34,1,0.215
18,16,35,1,0.785
18,16,36,1,0.225
18,16,37,1,0.225
18,16,38,1,0.73
18,16,39,1,0.24
18,16,40,1,0.23
18,16,41,1,0.225
18,16,42,1,0.62
18,16,43,1,0.235
18,16,44,1,0.23
18,16,1,2,0.28
18,16,2,2,0.26
18,16,3,2,0.695
18,16,4,2,0.245
18,16,5,2,0.225
18,16,6,2,0.215
18,16,7,2,0.765
18,16,8,2,0.225
18,16,9,2,0.23
18,16,10,2,0.24
18,16,11,2,0.26
18,16,12,2,0.55
18,16,13,2,0.25
18,16,14,2,0.485
18,16,15,2,0.285
18,16,16,2,0.28
18,16,17,2,0.295
18,16,18,2,0.325
18,16,19,2,0.3
18,16,20,2,0.225
18,16,21,2,0.475
18,16,22,2,0.225
18,16,23,2,0.23
18,16,24,2,0.225
18,16,25,2,1.405
18,16,26,2,0.255
18,16,27,2,0.23
18,16,28,2,0.285
18,16,29,2,0.285
18,16,30,2,0.29
18,16,31,2,0.26
18,16,32,2,0.27
18,16,33,2,0.255
18,16,34,2,0.245
18,16,35,2,0.255
18,16,36,2,0.23
18,16,37,2,0.27
18,16,38,2,0.235
18,16,39,2,0.755
18,16,40,2,0.23
18,16,41,2,0.24
18,16,42,2,0.25
18,16,43,2,0.27
18,16,44,2,0.27
18,16,45,2,0.285
18,17,1,1,0.36
18,17,2,1,0.35
18,17,3,1,0.23
18,17,4,1,0.235
18,17,5,1,0.265
18,17,6,1,0.395
18,17,7,1,0.25
18,17,8,1,0.865
18,17,9,1,0.575
18,17,10,1,0.28
18,17,11,1,0.815
18,17,12,1,0.215
18,17,13,1,0.205
18,17,14,1,0.205
18,17,15,1,0.66
18,17,16,1,0.63
18,17,17,1,0.23
18,17,18,1,1.225
18,17,19,1,0.22
18,17,20,1,0.205
18,17,21,1,0.47
18,17,22,1,0.215
18,17,23,1,0.215
18,17,24,1,0.21
18,17,25,1,0.595
18,17,26,1,1.685
18,17,27,1,0.205
18,17,28,1,0.205
18,17,29,1,0.37
18,17,30,1,0.215
18,17,31,1,0.205
18,17,32,1,1.335
18,17,33,1,0.205
18,17,1,2,0.275
18,17,2,2,0.225
18,17,3,2,0.435
18,17,4,2,0.265
18,17,5,2,0.205
18,17,6,2,0.22
18,17,7,2,0.39
18,17,8,2,0.255
18,17,9,2,0.26
18,17,10,2,0.775
18,17,11,2,0.24
18,17,12,2,0.22
18,17,13,2,0.265
18,17,14,2,0.245
18,17,15,2,0.255
18,17,16,2,0.245
18,17,17,2,0.24
18,17,18,2,0.405
18,17,19,2,0.21
18,17,20,2,0.22
18,17,21,2,0.205
18,17,22,2,0.735
18,17,23,2,0.265
18,17,24,2,0.205
18,17,25,2,0.6
18,17,26,2,1.1
18,17,27,2,0.22
18,17,28,2,1.005
18,17,29,2,0.21
18,17,30,2,0.205
18,17,31,2,0.83
18,17,32,2,0.25
18,17,33,2,0.62
18,17,34,2,0.255
18,17,35,2,0.22
18,17,36,2,0.58
18,17,37,2,0.245
18,17,38,2,0.215
18,17,39,2,0.205
18,17,40,2,0.21
18,17,41,2,0.85
18,17,42,2,0.24
18,17,43,2,0.205
18,17,44,2,0.225
18,17,45,2,0.31
18,17,46,2,0.225
18,17,47,2,0.205
18,17,48,2,0.53
18,18,1,1,0.375
18,18,2,1,0.375
18,18,3,1,0.48
18,18,4,1,0.205
18,18,5,1,0.205
18,18,6,1,0.205
18,18,7,1,0.595
18,18,8,1,0.28
18,18,9,1,0.31
18,18,10,1,0.225
18,18,11,1,0.22
18,18,12,1,2.68
18,18,13,1,0.225
18,18,14,1,0.325
18,18,15,1,0.335
18,18,16,1,0.245
18,18,17,1,0.25
18,18,18,1,0.235
18,18,19,1,0.275
18,18,20,1,0.31
18,18,21,1,0.375
18,18,22,1,0.3
18,18,23,1,0.215
18,18,24,1,0.205
18,18,25,1,0.205
18,18,26,1,0.45
18,18,27,1,0.245
18,18,28,1,0.235
18,18,29,1,0.29
18,18,30,1,0.215
18,18,31,1,0.205
18,18,32,1,0.435
18,18,33,1,0.23
18,18,34,1,0.225
18,18,35,1,0.215
18,18,36,1,0.205
18,18,37,1,0.51
18,18,38,1,0.21
18,18,39,1,0.235
18,18,40,1,0.225
18,18,41,1,0.205
18,18,42,1,0.535
18,18,1,2,0.205
18,18,2,2,2.075
18,18,3,2,0.225
18,18,4,2,0.205
18,18,5,2,0.84
18,18,6,2,0.485
18,18,7,2,0.22
18,18,8,2,0.21
18,18,9,2,0.22
18,18,10,2,0.795
18,18,11,2,0.225
18,18,12,2,0.23
18,18,13,2,0.255
18,18,14,2,0.495
18,18,15,2,0.215
18,18,16,2,0.205
18,18,17,2,0.38
18,18,18,2,0.245
18,18,19,2,0.31
18,18,20,2,0.205
18,18,21,2,0.21
18,18,22,2,0.215
18,18,23,2,0.205
18,18,24,2,0.205
18,18,25,2,0.655
18,18,26,2,0.225
18,18,27,2,0.235
18,18,28,2,0.205
18,18,29,2,0.205
18,18,30,2,1.245
18,18,31,2,0.205
18,18,32,2,0.205
18,18,33,2,0.795
18,18,34,2,0.275
18,18,35,2,0.205
18,18,36,2,0.205
18,19,1,1,0.37
18,19,2,1,0.365
18,19,3,1,0.205
18,19,4,1,0.205
18,19,5,1,0.205
18,19,6,1,0.275
18,19,7,1,0.47
18,19,8,1,0.375
18,19,9,1,0.46
18,19,10,1,0.365
18,19,11,1,0.46
18,19,12,1,0.205
18,19,13,1,0.305
18,19,14,1,0.205
18,19,15,1,0.205
18,19,16,1,0.205
18,19,17,1,0.205
18,19,18,1,0.755
18,19,19,1,0.285
18,19,20,1,0.36
18,19,21,1,0.41
18,19,22,1,0.305
18,19,23,1,0.205
18,19,24,1,0.205
18,19,25,1,0.385
18,19,26,1,0.225
18,19,27,1,0.205
18,19,28,1,0.205
18,19,29,1,0.5
18,19,30,1,0.345
18,19,31,1,0.275
18,19,32,1,0.43
18,19,33,1,0.385
18,19,34,1,0.23
18,19,35,1,0.205
18,19,36,1,0.205
18,19,37,1,0.44
18,19,38,1,0.605
18,19,39,1,0.245
18,19,40,1,0.225
18,19,41,1,0.915
18,19,42,1,0.47
18,19,43,1,0.235
18,19,1,2,0.225
18,19,2,2,0.215
18,19,3,2,0.205
18,19,4,2,0.47
18,19,5,2,0.23
18,19,6,2,0.205
18,19,7,2,0.205
18,19,8,2,0.46
18,19,9,2,0.23
18,19,10,2,0.61
18,19,11,2,0.235
18,19,12,2,0.205
18,19,13,2,0.205
18,19,14,2,0.765
18,19,15,2,0.23
18,19,16,2,0.25
18,19,17,2,0.24
18,19,18,2,0.45
18,19,19,2,0.22
18,19,20,2,0.205
18,19,21,2,0.215
18,19,22,2,0.495
18,19,23,2,0.59
18,19,24,2,0.445
18,19,25,2,0.325
18,19,26,2,0.285
18,19,27,2,0.265
18,19,28,2,0.22
18,19,29,2,0.595
18,19,30,2,0.23
18,19,31,2,0.29
18,19,32,2,0.27
18,19,33,2,0.23
18,19,34,2,0.455
18,19,35,2,0.31
18,19,36,2,0.215
18,19,37,2,0.255
18,19,38,2,0.22
18,19,39,2,0.245
18,19,40,2,0.27
18,19,41,2,0.295
18,19,42,2,0.255
18,19,43,2,0.255
18,19,44,2,0.205
18,19,45,2,0.24
18,19,46,2,0.615
18,19,47,2,0.245
18,20,1,1,0.33
18,20,2,1,0.395
18,20,3,1,0.235
18,20,4,1,0.215
18,20,5,1,0.255
18,20,6,1,0.25
18,20,7,1,0.245
18,20,8,1,0.215
18,20,9,1,0.445
18,20,10,1,0.31
18,20,11,1,0.265
18,20,12,1,0.395
18,20,13,1,0.31
18,20,14,1,0.425
18,20,15,1,0.24
18,20,16,1,0.225
18,20,17,1,0.205
18,20,18,1,0.23
18,20,19,1,0.21
18,20,20,1,0.405
18,20,21,1,0.31
18,20,22,1,0.245
18,20,23,1,0.36
18,20,24,1,0.35
18,20,25,1,0.46
18,20,26,1,0.665
18,20,27,1,0.28
18,20,28,1,0.245
18,20,29,1,0.23
18,20,30,1,0.215
18,20,31,1,0.63
18,20,32,1,0.27
18,20,33,1,0.265
18,20,34,1,0.275
18,20,35,1,0.265
18,20,36,1,0.385
18,20,37,1,0.285
18,20,38,1,0.385
18,20,39,1,0.235
18,20,40,1,0.235
18,20,41,1,0.595
18,20,42,1,0.31
18,20,43,1,0.315
18,20,44,1,0.35
18,20,45,1,0.305
18,20,1,2,0.39
18,20,2,2,0.26
18,20,3,2,0.23
18,20,4,2,0.205
18,20,5,2,0.26
18,20,6,2,0.255
18,20,7,2,0.37
18,20,8,2,0.265
18,20,9,2,0.205
18,20,10,2,0.365
18,20,11,2,0.28
18,20,12,2,0.62
18,20,13,2,1.165
18,20,14,2,0.44
18,20,15,2,0.4
18,20,16,2,0.395
18,20,17,2,0.39
18,20,18,2,0.21
18,20,19,2,0.215
18,20,20,2,0.23
18,20,21,2,1.485
18,20,22,2,0.23
18,20,23,2,0.24
18,20,24,2,0.275
18,20,25,2,1.01
18,20,26,2,0.265
18,20,27,2,0.235
18,20,28,2,0.625
18,20,29,2,0.27
18,20,30,2,0.23
18,20,31,2,1.33
18,20,32,2,0.24
18,20,33,2,0.63
18,20,34,2,0.35
18,21,1,1,0.585
18,21,2,1,0.47
18,21,3,1,0.455
18,21,4,1,0.475
18,21,5,1,0.46
18,21,6,1,0.51
18,21,7,1,0.375
18,21,8,1,0.335
18,21,9,1,0.285
18,21,10,1,0.285
18,21,11,1,0.455
18,21,12,1,0.54
18,21,13,1,0.285
18,21,14,1,0.25
18,21,15,1,1.025
18,21,16,1,0.875
18,21,17,1,0.47
18,21,18,1,0.84
18,21,19,1,0.67
18,21,20,1,0.28
18,21,21,1,0.29
18,21,22,1,0.25
18,21,23,1,0.27
18,21,24,1,0.235
18,21,25,1,0.225
18,21,26,1,0.23
18,21,27,1,0.255
18,21,28,1,0.255
18,21,29,1,0.42
18,21,30,1,0.51
18,21,31,1,0.29
18,21,32,1,0.925
18,21,33,1,0.365
18,21,1,2,0.305
18,21,2,2,0.35
18,21,3,2,0.455
18,21,4,2,0.27
18,21,5,2,0.345
18,21,6,2,0.35
18,21,7,2,0.42
18,21,8,2,0.24
18,21,9,2,0.245
18,21,10,2,0.32
18,21,11,2,0.335
18,21,12,2,0.465
18,21,13,2,0.575
18,21,14,2,0.495
18,21,15,2,0.325
18,21,16,2,0.27
18,21,17,2,0.255
18,21,18,2,0.645
18,21,19,2,0.765
18,21,20,2,0.28
18,21,21,2,1.93
18,21,22,2,1.98
18,21,23,2,0.23
18,21,24,2,0.455
18,21,25,2,0.22
18,21,26,2,1.98
18,22,1,1,0.745
18,22,2,1,0.32
18,22,3,1,0.85
18,22,4,1,1.815
18,22,5,1,0.255
18,22,6,1,0.57
18,22,7,1,0.225
18,22,8,1,0.59
18,22,9,1,0.37
18,22,10,1,1.6
18,22,11,1,0.38
18,22,12,1,0.54
18,22,13,1,0.255
18,22,14,1,0.255
18,22,15,1,0.345
18,22,16,1,0.835
18,22,17,1,0.285
18,22,18,1,0.28
18,22,19,1,1.51
18,22,20,1,1.63
18,22,21,1,1.06
18,22,1,2,0.28
18,22,2,2,1.13
18,22,3,2,2.06
18,22,4,2,0.47
18,22,5,2,1.76
18,22,6,2,0.255
18,22,7,2,1.51
18,22,8,2,1.7
18,22,9,2,0.335
18,22,10,2,1.33
18,22,11,2,0.905
18,22,12,2,0.46
18,22,13,2,0.85
18,22,14,2,0.99
18,23,1,1,1.425
18,23,2,1,0.67
18,23,3,1,0.26
18,23,4,1,0.265
18,23,5,1,0.245
18,23,6,1,1.905
18,23,7,1,0.24
18,23,8,1,0.755
18,23,9,1,0.27
18,23,10,1,2.925
18,23,11,1,0.395
18,23,12,1,0.21
18,23,13,1,0.255
18,23,14,1,1.36
18,23,15,1,0.21
18,23,16,1,0.59
18,23,17,1,0.905
18,23,1,2,0.235
18,23,2,2,0.215
18,23,3,2,0.37
18,23,4,2,0.255
18,23,5,2,0.39
18,23,6,2,1.83
18,23,7,2,0.685
18,23,8,2,0.69
18,23,9,2,0.205
18,23,10,2,0.765
18,23,11,2,1.255
18,23,12,2,0.23
18,23,13,2,1.675
18,23,14,2,0.215
18,23,15,2,0.23
18,23,16,2,1.45
18,24,1,1,0.31
18,24,2,1,0.29
18,24,3,1,0.325
18,24,4,1,0.32
18,24,5,1,0.31
18,24,6,1,0.285
18,24,7,1,0.295
18,24,8,1,0.29
18,24,9,1,0.3
18,24,10,1,0.285
18,24,11,1,0.295
18,24,12,1,0.33
18,24,13,1,0.335
18,24,14,1,0.285
18,24,15,1,0.315
18,24,16,1,0.275
18,24,17,1,0.325
18,24,18,1,0.295
18,24,19,1,0.33
18,24,20,1,0.285
18,24,21,1,0.32
18,24,22,1,0.375
18,24,23,1,0.285
18,24,24,1,0.305
18,24,25,1,0.3
18,24,26,1,0.33
18,24,27,1,0.275
18,24,28,1,0.295
18,24,29,1,0.305
18,24,30,1,0.295
18,24,31,1,0.385
18,24,32,1,0.35
18,24,33,1,0.31
18,24,34,1,0.36
18,24,35,1,0.315
18,24,36,1,0.31
18,24,37,1,0.295
18,24,38,1,0.32
18,24,39,1,0.27
18,24,40,1,0.32
18,24,41,1,0.32
18,24,42,1,0.34
18,24,43,1,0.305
18,24,44,1,0.375
18,24,45,1,0.315
18,24,46,1,0.33
18,24,47,1,0.245
18,24,1,2,0.35
18,24,2,2,0.315
18,24,3,2,0.325
18,24,4,2,0.325
18,24,5,2,0.305
18,24,6,2,0.34
18,24,7,2,0.44
18,24,8,2,0.3
18,24,9,2,0.335
18,24,10,2,0.34
18,24,11,2,0.335
18,24,12,2,0.31
18,24,13,2,0.295
18,24,14,2,0.31
18,24,15,2,0.28
18,24,16,2,0.31
18,24,17,2,0.31
18,24,18,2,0.325
18,24,19,2,0.295
18,24,20,2,0.27
18,24,21,2,0.31
18,24,22,2,0.355
18,24,23,2,0.32
18,24,24,2,0.285
18,24,25,2,0.32
18,24,26,2,0.305
18,24,27,2,0.285
18,24,28,2,0.335
18,24,29,2,0.34
18,24,30,2,0.32
18,24,31,2,0.345
18,24,32,2,0.32
18,24,33,2,0.325
18,24,34,2,0.32
18,24,35,2,0.335
18,24,36,2,0.3
18,24,37,2,0.285
18,24,38,2,0.29
18,24,39,2,0.28
18,24,40,2,0.305
18,24,41,2,0.275
18,24,42,2,0.29
18,24,43,2,0.285
18,24,44,2,0.255
18,24,45,2,0.29
18,24,46,2,0.28
18,24,47,2,0.335
