18,0,1,0.355
18,0,2,0.325
18,0,3,0.32
18,0,4,0.325
18,0,5,0.335
18,0,6,0.32
18,0,7,0.38
18,0,8,0.325
18,0,9,0.295
18,0,10,0.335
18,0,11,0.325
18,0,12,0.31
18,0,13,0.31
18,0,14,0.325
18,0,15,0.305
18,0,16,0.365
18,0,17,0.3
18,0,18,0.335
18,0,19,0.44
18,0,20,0.36
18,0,21,0.33
18,0,22,0.345
18,0,23,0.325
18,0,24,0.265
18,0,25,0.3
18,0,26,0.27
18,0,27,0.355
18,0,28,0.375
18,0,29,0.325
18,0,30,0.285
18,0,31,0.295
18,0,32,0.345
18,0,33,0.31
18,0,34,0.33
18,0,35,0.345
18,1,1,0.53
18,1,2,0.345
18,1,3,0.375
18,1,4,0.36
18,1,5,0.46
18,1,6,0.46
18,1,7,0.4
18,1,8,0.37
18,1,9,0.405
18,1,10,0.43
18,1,11,0.405
18,1,12,0.46
18,1,13,0.465
18,1,14,0.39
18,1,15,0.405
18,1,16,0.43
18,1,17,0.835
18,1,18,0.92
18,1,19,0.785
18,1,20,0.94
18,1,21,0.855
18,1,22,0.855
18,1,23,0.43
18,1,24,0.905
18,2,1,0.625
18,2,2,0.295
18,2,3,0.28
18,2,4,0.285
18,2,5,0.265
18,2,6,0.26
18,2,7,0.225
18,2,8,0.26
18,2,9,0.59
18,2,10,0.285
18,2,11,0.25
18,2,12,0.275
18,2,13,0.305
18,2,14,0.3
18,2,15,0.315
18,2,16,0.27
18,2,17,0.24
18,2,18,0.245
18,2,19,0.275
18,2,20,0.205
18,2,21,0.215
18,2,22,0.215
18,2,23,0.215
18,2,24,0.215
18,2,25,0.23
18,2,26,0.245
18,2,27,0.32
18,2,28,0.28
18,2,29,0.43
18,2,30,0.565
18,2,31,0.31
18,2,32,0.325
18,2,33,0.265
18,2,34,0.26
18,2,35,0.27
18,2,36,0.28
18,2,37,0.26
18,2,38,0.35
18,2,39,0.305
18,2,40,0.275
18,2,41,0.41
18,2,42,0.38
18,2,43,1.075
18,2,44,0.445
18,3,1,0.405
18,3,2,0.3
18,3,3,0.27
18,3,4,0.36
18,3,5,0.53
18,3,6,0.45
18,3,7,0.57
18,3,8,0.525
18,3,9,0.4
18,3,10,0.57
18,3,11,0.5
18,3,12,0.385
18,3,13,0.58
18,3,14,1.05
18,3,15,0.43
18,3,16,0.46
18,3,17,0.58
18,3,18,0.55
18,3,19,0.435
18,3,20,0.27
18,3,21,0.58
18,3,22,0.595
18,3,23,0.455
18,3,24,0.47
18,3,25,0.5
18,3,26,0.57
18,3,27,0.415
18,3,28,0.49
18,3,29,0.575
18,4,1,0.66
18,4,2,0.295
18,4,3,0.355
18,4,4,0.36
18,4,5,0.335
18,4,6,0.23
18,4,7,0.3
18,4,8,1.05
18,4,9,0.28
18,4,10,0.32
18,4,11,0.3
18,4,12,0.31
18,4,13,0.39
18,4,14,0.32
18,4,15,0.365
18,4,16,0.295
18,4,17,0.285
18,4,18,0.315
18,4,19,0.325
18,4,20,0.325
18,4,21,0.32
18,4,22,0.355
18,4,23,0.305
18,4,24,0.325
18,4,25,0.345
18,4,26,0.345
18,4,27,0.355
18,4,28,0.295
18,4,29,0.35
18,4,30,0.305
18,4,31,0.625
18,4,32,0.385
18,4,33,0.35
18,4,34,0.32
18,4,35,0.3
18,4,36,0.4
18,4,37,0.295
18,4,38,0.34
18,4,39,0.31
18,5,1,1.22
18,5,2,0.29
18,5,3,0.315
18,5,4,0.33
18,5,5,0.285
18,5,6,0.38
18,5,7,0.345
18,5,8,0.565
18,5,9,0.63
18,5,10,0.475
18,5,11,0.98
18,5,12,0.45
18,5,13,0.605
18,5,14,0.455
18,5,15,0.5
18,5,16,0.495
18,5,17,0.47
18,5,18,0.5
18,5,19,0.47
18,5,20,0.49
18,5,21,0.51
18,5,22,0.445
18,5,23,0.535
18,5,24,0.53
18,5,25,0.505
18,5,26,0.43
18,5,27,0.515
18,5,28,0.54
18,6,1,0.415
18,6,2,0.45
18,6,3,0.585
18,6,4,0.455
18,6,5,0.615
18,6,6,0.53
18,6,7,0.5
18,6,8,0.635
18,6,9,0.64
18,6,10,0.435
18,6,11,0.43
18,6,12,0.515
18,6,13,0.6
18,6,14,0.235
18,6,15,0.43
18,6,16,0.415
18,6,17,0.425
18,6,18,0.22
18,6,19,0.375
18,6,20,0.235
18,6,21,0.215
18,6,22,0.21
18,6,23,0.475
18,6,24,0.48
18,6,25,0.525
18,6,26,0.37
18,6,27,0.21
18,6,28,0.59
18,6,29,0.27
18,6,30,0.39
18,6,31,0.44
18,6,32,1.04
18,7,1,0.47
18,7,2,0.425
18,7,3,0.295
18,7,4,0.405
18,7,5,0.395
18,7,6,0.43
18,7,7,0.89
18,7,8,0.455
18,7,9,0.46
18,7,10,0.35
18,7,11,0.475
18,7,12,0.395
18,7,13,0.85
18,7,14,0.805
18,7,15,0.405
18,7,16,0.475
18,7,17,0.66
18,7,18,0.51
18,7,19,0.69
18,7,20,0.395
18,7,21,0.37
18,7,22,0.4
18,7,23,0.425
18,7,24,0.43
18,7,25,0.44
18,7,26,0.545
18,7,27,0.345
18,7,28,0.43
18,7,29,0.49
18,8,1,0.45
18,8,2,0.34
18,8,3,0.355
18,8,4,1.64
18,8,5,0.28
18,8,6,0.335
18,8,7,0.535
18,8,8,0.26
18,8,9,0.35
18,8,10,0.56
18,8,11,0.57
18,8,12,0.29
18,8,13,0.375
18,8,14,0.27
18,8,15,0.29
18,8,16,0.61
18,8,17,0.62
18,8,18,0.59
18,8,19,0.265
18,8,20,0.235
18,8,21,0.345
18,8,22,0.365
18,8,23,0.5
18,8,24,0.225
18,8,25,0.39
18,8,26,0.215
18,8,27,0.525
18,8,28,0.555
18,8,29,0.305
18,8,30,0.295
18,8,31,0.63
18,9,1,0.52
18,9,2,0.5
18,9,3,0.32
18,9,4,0.27
18,9,5,0.815
18,9,6,0.36
18,9,7,1.225
18,9,8,5.555
18,10,1,0.325
18,10,2,0.295
18,10,3,0.27
18,10,4,0.26
18,10,5,0.255
18,10,6,0.23
18,10,7,0.405
18,10,8,0.23
18,10,9,0.23
18,10,10,0.215
18,10,11,0.28
18,10,12,0.56
18,10,13,0.235
18,10,14,0.29
18,10,15,0.32
18,10,16,0.535
18,10,17,0.315
18,10,18,0.415
18,10,19,0.265
18,10,20,0.255
18,10,21,0.245
18,10,22,0.295
18,10,23,0.27
18,10,24,0.255
18,10,25,0.205
18,10,26,0.4
18,10,27,0.23
18,10,28,0.255
18,10,29,0.205
18,10,30,0.375
18,10,31,0.245
18,10,32,0.245
18,10,33,0.54
18,10,34,0.26
18,10,35,0.465
18,10,36,0.435
18,10,37,0.21
18,10,38,0.295
18,10,39,0.485
18,10,40,0.215
18,10,41,0.215
18,10,42,0.26
18,10,43,0.465
18,10,44,0.245
18,10,45,0.31
18,10,46,0.495
18,11,1,0.25
18,11,2,0.97
18,11,3,0.265
18,11,4,0.47
18,11,5,0.235
18,11,6,0.24
18,11,7,0.23
18,11,8,0.435
18,11,9,0.24
18,11,10,0.3
18,11,11,0.545
18,11,12,0.73
18,11,13,0.36
18,11,14,0.23
18,11,15,0.515
18,11,16,0.305
18,11,17,0.285
18,11,18,0.245
18,11,19,0.495
18,11,20,0.245
18,11,21,0.235
18,11,22,0.205
18,11,23,1.93
18,11,24,1.06
18,11,25,0.215
18,11,26,1.61
18,11,27,0.205
18,11,28,0.32
18,12,1,0.235
18,12,2,0.25
18,12,3,0.295
18,12,4,0.325
18,12,5,0.315
18,12,6,0.36
18,12,7,0.285
18,12,8,0.79
18,12,9,0.245
18,12,10,0.28
18,12,11,0.355
18,12,12,0.35
18,12,13,0.28
18,12,14,0.23
18,12,15,0.31
18,12,16,0.325
18,12,17,0.35
18,12,18,0.31
18,12,19,0.305
18,12,20,0.29
18,12,21,0.28
18,12,22,0.335
18,12,23,0.265
18,12,24,0.345
18,12,25,0.27
18,12,26,0.315
18,12,27,0.57
18,12,28,0.365
18,12,29,0.335
18,12,30,0.265
18,12,31,0.515
18,12,32,0.275
18,12,33,0.305
18,12,34,0.495
18,12,35,0.335
18,12,36,0.27
18,12,37,0.33
18,12,38,0.255
18,12,39,0.605
18,12,40,0.625
18,12,41,0.23
18,13,1,0.51
18,13,2,0.205
18,13,3,0.245
18,13,4,0.205
18,13,5,0.41
18,13,6,0.215
18,13,7,0.235
18,13,8,0.205
18,13,9,0.56
18,13,10,0.21
18,13,11,0.22
18,13,12,0.825
18,13,13,0.28
18,13,14,0.53
18,13,15,0.205
18,13,16,0.535
18,13,17,0.23
18,13,18,0.28
18,13,19,0.205
18,13,20,0.205
18,13,21,0.235
18,13,22,0.245
18,13,23,0.23
18,13,24,0.225
18,13,25,0.205
18,13,26,0.66
18,13,27,0.205
18,13,28,0.205
18,13,29,0.205
18,13,30,0.255
18,13,31,0.23
18,13,32,0.215
18,13,33,0.205
18,13,34,0.205
18,13,35,0.55
18,13,36,0.41
18,13,37,0.23
18,13,38,0.24
18,13,39,0.23
18,13,40,0.205
18,13,41,0.65
18,13,42,0.22
18,13,43,0.245
18,13,44,0.205
18,13,45,0.365
18,13,46,0.245
18,13,47,0.215
18,13,48,0.22
18,14,1,0.405
18,14,2,0.355
18,14,3,0.45
18,14,4,0.39
18,14,5,0.47
18,14,6,0.43
18,14,7,0.44
18,14,8,0.43
18,14,9,0.43
18,14,10,0.445
18,14,11,0.43
18,14,12,0.375
18,14,13,0.41
18,14,14,0.445
18,14,15,0.43
18,14,16,0.835
18,14,17,0.51
18,14,18,0.775
18,14,19,0.515
18,14,20,0.43
18,14,21,0.465
18,14,22,0.45
18,14,23,0.4
18,14,24,0.475
18,14,25,0.71
18,14,26,0.51
18,14,27,0.415
18,14,28,0.945
18,15,1,0.26
18,15,2,0.28
18,15,3,0.665
18,15,4,0.54
18,15,5,0.375
18,15,6,0.575
18,15,7,0.26
18,15,8,0.215
18,15,9,0.655
18,15,10,0.245
18,15,11,0.225
18,15,12,0.265
18,15,13,0.97
18,15,14,0.485
18,15,15,0.285
18,15,16,0.265
18,15,17,0.355
18,15,18,0.55
18,15,19,0.605
18,15,20,0.55
18,15,21,0.23
18,15,22,0.245
18,15,23,0.46
18,15,24,0.345
18,15,25,1.04
18,15,26,0.255
18,15,27,0.23
18,15,28,0.325
18,15,29,0.725
18,15,30,0.265
18,15,31,0.205
18,15,32,0.49
18,15,33,0.23
18,15,34,0.215
18,15,35,0.205
18,16,1,0.78
18,16,2,0.305
18,16,3,0.205
18,16,4,0.21
18,16,5,0.215
18,16,6,0.565
18,16,7,0.215
18,16,8,0.215
18,16,9,0.225
18,16,10,0.54
18,16,11,0.205
18,16,12,0.205
18,16,13,0.22
18,16,14,1.125
18,16,15,0.58
18,16,16,0.205
18,16,17,0.25
18,16,18,0.22
18,16,19,1.1
18,16,20,0.225
18,16,21,0.205
18,16,22,0.575
18,16,23,0.25
18,16,24,0.23
18,16,25,0.39
18,16,26,0.255
18,16,27,0.22
18,16,28,0.205
18,16,29,0.53
18,16,30,0.245
18,16,31,0.26
18,16,32,0.205
18,16,33,0.48
18,16,34,0.23
18,16,35,0.22
18,16,36,0.205
18,16,37,0.425
18,16,38,0.215
18,16,39,0.21
18,16,40,0.205
18,16,41,0.5
18,17,1,0.25
18,17,2,0.22
18,17,3,0.375
18,17,4,0.31
18,17,5,0.295
18,17,6,0.27
18,17,7,0.26
18,17,8,0.275
18,17,9,0.33
18,17,10,0.495
18,17,11,0.285
18,17,12,0.355
18,17,13,0.21
18,17,14,0.21
18,17,15,0.215
18,17,16,0.21
18,17,17,0.215
18,17,18,0.25
18,17,19,0.245
18,17,20,0.27
18,17,21,0.265
18,17,22,0.255
18,17,23,0.245
18,17,24,0.31
18,17,25,0.28
18,17,26,0.27
18,17,27,0.255
18,17,28,0.255
18,17,29,0.27
18,17,30,0.25
18,17,31,0.58
18,17,32,0.255
18,17,33,0.255
18,17,34,0.255
18,17,35,0.435
18,17,36,0.33
18,17,37,0.295
18,17,38,0.655
18,17,39,0.255
18,17,40,0.215
18,17,41,0.245
18,17,42,0.225
18,17,43,0.205
18,17,44,0.205
18,17,45,0.225
18,17,46,0.26
18,17,47,0.26
18,17,48,0.215
18,17,49,0.22
18,17,50,0.205
18,17,51,0.235
18,17,52,0.3
18,18,1,0.235
18,18,2,0.205
18,18,3,0.575
18,18,4,0.25
18,18,5,0.24
18,18,6,1.17
18,18,7,0.23
18,18,8,0.24
18,18,9,0.5
18,18,10,0.66
18,18,11,0.235
18,18,12,0.26
18,18,13,0.24
18,18,14,0.81
18,18,15,0.24
18,18,16,0.225
18,18,17,0.215
18,18,18,0.39
18,18,19,0.255
18,18,20,0.255
18,18,21,0.59
18,18,22,0.23
18,18,23,0.73
18,18,24,0.235
18,18,25,0.22
18,18,26,0.28
18,18,27,0.495
18,18,28,0.305
18,18,29,1.02
18,18,30,0.235
18,18,31,0.505
18,18,32,0.235
18,18,33,0.24
18,18,34,0.22
18,18,35,0.9
18,18,36,0.24
18,18,37,0.215
18,19,1,0.455
18,19,2,0.385
18,19,3,0.405
18,19,4,0.325
18,19,5,0.39
18,19,6,0.41
18,19,7,0.34
18,19,8,0.425
18,19,9,0.32
18,19,10,0.335
18,19,11,0.34
18,19,12,0.375
18,19,13,0.205
18,19,14,0.205
18,19,15,0.205
18,19,16,0.205
18,19,17,0.3
18,19,18,0.35
18,19,19,0.3
18,19,20,0.365
18,19,21,0.215
18,19,22,0.38
18,19,23,0.25
18,19,24,0.245
18,19,25,0.24
18,19,26,0.205
18,19,27,0.225
18,19,28,0.24
18,19,29,0.255
18,19,30,0.63
18,19,31,0.23
18,19,32,0.255
18,19,33,0.23
18,19,34,0.225
18,19,35,0.23
18,19,36,0.55
18,19,37,0.245
18,19,38,0.265
18,19,39,0.3
18,19,40,0.285
18,19,41,0.225
18,19,42,0.205
18,19,43,0.205
18,19,44,0.21
18,19,45,0.23
18,19,46,0.225
18,19,47,0.23
18,19,48,0.23
18,19,49,0.5
18,20,1,0.405
18,20,2,0.325
18,20,3,0.39
18,20,4,0.27
18,20,5,0.255
18,20,6,0.265
18,20,7,0.25
18,20,8,0.26
18,20,9,0.255
18,20,10,0.23
18,20,11,0.25
18,20,12,0.23
18,20,13,0.28
18,20,14,0.27
18,20,15,0.27
18,20,16,0.24
18,20,17,0.255
18,20,18,0.255
18,20,19,0.53
18,20,20,0.345
18,20,21,0.275
18,20,22,0.21
18,20,23,0.31
18,20,24,0.3
18,20,25,0.245
18,20,26,0.225
18,20,27,0.265
18,20,28,0.245
18,20,29,0.265
18,20,30,0.26
18,20,31,0.265
18,20,32,0.27
18,20,33,0.395
18,20,34,0.265
18,20,35,0.245
18,20,36,0.33
18,20,37,0.405
18,20,38,0.36
18,20,39,0.39
18,20,40,0.39
18,20,41,0.305
18,20,42,0.27
18,20,43,0.245
18,20,44,0.245
18,20,45,0.28
18,20,46,0.495
18,20,47,0.295
18,20,48,0.29
18,21,1,0.52
18,21,2,0.31
18,21,3,1.145
18,21,4,0.32
18,21,5,1.215
18,21,6,0.88
18,21,7,0.4
18,21,8,0.42
18,21,9,0.56
18,21,10,0.455
18,21,11,0.65
18,21,12,0.655
18,21,13,0.295
18,21,14,0.31
18,21,15,0.32
18,21,16,0.405
18,21,17,0.39
18,21,18,1.065
18,21,19,0.47
18,21,20,0.47
18,21,21,0.46
18,21,22,0.45
18,21,23,0.57
18,21,24,0.435
18,21,25,0.5
18,21,26,0.575
18,22,1,0.355
18,22,2,0.265
18,22,3,0.36
18,22,4,0.435
18,22,5,1.26
18,22,6,0.445
18,22,7,0.42
18,22,8,0.465
18,22,9,0.43
18,22,10,0.375
18,22,11,0.485
18,22,12,0.42
18,22,13,0.435
18,22,14,0.39
18,22,15,0.44
18,22,16,0.455
18,22,17,0.415
18,22,18,0.435
18,22,19,0.42
18,22,20,0.43
18,22,21,0.41
18,22,22,0.455
18,22,23,1.205
18,22,24,0.38
18,22,25,0.32
18,22,26,0.345
18,22,27,0.315
18,22,28,0.265
18,22,29,0.63
18,22,30,0.29
18,22,31,0.305
18,23,1,0.48
18,23,2,0.32
18,23,3,0.355
18,23,4,0.48
18,23,5,0.205
18,23,6,0.215
18,23,7,0.245
18,23,8,0.815
18,23,9,1.43
18,23,10,1.285
18,23,11,3.625
18,23,12,0.27
18,23,13,0.24
18,23,14,0.215
18,23,15,0.215
18,24,1,0.38
18,24,2,0.255
18,24,3,0.375
18,24,4,0.27
18,24,5,0.36
18,24,6,0.25
18,24,7,0.23
18,24,8,0.265
18,24,9,0.26
18,24,10,0.265
18,24,11,0.23
18,24,12,0.325
18,24,13,0.29
18,24,14,0.34
18,24,15,0.27
18,24,16,0.23
18,24,17,0.35
18,24,18,0.35
18,24,19,0.365
18,24,20,0.27
18,24,21,0.4
18,24,22,0.31
18,24,23,0.245
18,24,24,0.295
18,24,25,0.295
18,24,26,0.29
18,24,27,0.275
18,24,28,0.3
18,24,29,0.28
18,24,30,0.365
18,24,31,0.28
18,24,32,0.355
18,24,33,0.31
18,24,34,0.33
18,24,35,0.34
18,24,36,0.455
18,24,37,0.5
18,24,38,0.44
18,24,39,0.275
18,24,40,0.29
18,24,41,0.35
