20,0,1,1,0.605
20,0,2,1,0.675
20,0,3,1,0.675
20,0,4,1,0.655
20,0,5,1,0.705
20,0,6,1,0.755
20,0,7,1,0.7
20,0,8,1,0.74
20,0,9,1,0.725
20,0,10,1,0.725
20,0,11,1,0.76
20,0,12,1,0.73
20,0,13,1,0.78
20,0,14,1,0.745
20,0,15,1,0.765
20,0,16,1,0.765
20,0,17,1,0.785
20,0,18,1,0.755
20,0,19,1,0.74
20,0,1,2,0.77
20,0,2,2,0.785
20,0,3,2,0.75
20,0,4,2,0.77
20,0,5,2,0.81
20,0,6,2,0.785
20,0,7,2,0.79
20,0,8,2,0.81
20,0,9,2,0.805
20,0,10,2,0.765
20,0,11,2,0.755
20,0,12,2,0.815
20,0,13,2,0.78
20,0,14,2,0.815
20,0,15,2,0.835
20,0,16,2,0.815
20,0,17,2,0.77
20,0,18,2,0.805
20,1,1,1,0.76
20,1,2,1,0.6
20,1,3,1,0.725
20,1,4,1,0.645
20,1,5,1,0.655
20,1,6,1,0.71
20,1,7,1,0.7
20,1,8,1,0.675
20,1,9,1,0.69
20,1,10,1,0.715
20,1,11,1,0.76
20,1,12,1,0.74
20,1,13,1,0.765
20,1,14,1,0.755
20,1,15,1,0.685
20,1,16,1,0.75
20,1,17,1,0.745
20,1,18,1,0.7
20,1,19,1,0.715
20,1,20,1,0.7
20,1,1,2,0.29
20,1,2,2,0.7
20,1,3,2,0.75
20,1,4,2,0.695
20,1,5,2,0.74
20,1,6,2,0.715
20,1,7,2,0.725
20,1,8,2,0.755
20,1,9,2,0.745
20,1,10,2,0.72
20,1,11,2,0.745
20,1,12,2,0.735
20,1,13,2,0.685
20,1,14,2,0.71
20,1,15,2,0.715
20,1,16,2,0.735
20,1,17,2,0.7
20,1,18,2,0.205
20,1,19,2,0.535
20,1,20,2,0.8
20,1,21,2,0.66
20,1,22,2,0.66
20,2,1,1,0.685
20,2,2,1,0.935
20,2,3,1,0.885
20,2,4,1,0.9
20,2,5,1,0.86
20,2,6,1,0.88
20,2,7,1,0.92
20,2,8,1,0.775
20,2,9,1,0.875
20,2,10,1,0.92
20,2,11,1,0.84
20,2,12,1,0.87
20,2,13,1,0.91
20,2,14,1,0.885
20,2,15,1,0.905
20,2,16,1,0.93
20,2,1,2,0.81
20,2,2,2,0.205
20,2,3,2,0.685
20,2,4,2,0.875
20,2,5,2,0.915
20,2,6,2,0.225
20,2,7,2,0.67
20,2,8,2,0.945
20,2,9,2,0.905
20,2,10,2,0.86
20,2,11,2,0.875
20,2,12,2,1
20,2,13,2,0.97
20,2,14,2,0.205
20,2,15,2,0.785
20,2,16,2,0.205
20,2,17,2,0.805
20,2,18,2,0.205
20,2,19,2,0.805
20,2,20,2,0.905
20,2,21,2,0.865
20,3,1,1,0.94
20,3,2,1,0.905
20,3,3,1,0.935
20,3,4,1,0.9
20,3,5,1,0.895
20,3,6,1,0.915
20,3,7,1,0.815
20,3,8,1,0.845
20,3,9,1,0.86
20,3,10,1,0.905
20,3,11,1,0.855
20,3,12,1,0.865
20,3,13,1,0.915
20,3,14,1,0.9
20,3,15,1,0.89
20,3,1,2,0.87
20,3,2,2,0.905
20,3,3,2,0.865
20,3,4,2,0.935
20,3,5,2,0.92
20,3,6,2,1.005
20,3,7,2,0.95
20,3,8,2,0.91
20,3,9,2,0.92
20,3,10,2,0.88
20,3,11,2,0.865
20,3,12,2,0.94
20,3,13,2,0.825
20,3,14,2,0.865
20,3,15,2,0.965
20,3,16,2,0.775
20,4,1,1,0.39
20,4,2,1,0.465
20,4,3,1,0.5
20,4,4,1,0.51
20,4,5,1,0.505
20,4,6,1,0.54
20,4,7,1,0.55
20,4,8,1,0.51
20,4,9,1,0.61
20,4,10,1,0.56
20,4,11,1,0.57
20,4,12,1,0.565
20,4,13,1,0.64
20,4,14,1,0.57
20,4,15,1,0.535
20,4,16,1,0.64
20,4,17,1,0.605
20,4,18,1,0.565
20,4,19,1,0.56
20,4,20,1,0.58
20,4,21,1,0.505
20,4,22,1,0.605
20,4,23,1,0.535
20,4,24,1,0.685
20,4,25,1,0.595
20,4,26,1,0.6
20,4,1,2,0.7
20,4,2,2,0.55
20,4,3,2,0.605
20,4,4,2,0.68
20,4,5,2,0.605
20,4,6,2,0.66
20,4,7,2,0.6
20,4,8,2,0.58
20,4,9,2,0.515
20,4,10,2,0.605
20,4,11,2,0.585
20,4,12,2,0.605
20,4,13,2,0.555
20,4,14,2,0.615
20,4,15,2,0.6
20,4,16,2,0.59
20,4,17,2,0.65
20,4,18,2,0.6
20,4,19,2,0.585
20,4,20,2,0.7
20,4,21,2,0.645
20,4,22,2,0.67
20,4,23,2,0.595
20,4,24,2,0.655
20,5,1,1,0.71
20,5,2,1,0.58
20,5,3,1,0.81
20,5,4,1,0.885
20,5,5,1,0.735
20,5,6,1,0.685
20,5,7,1,0.71
20,5,8,1,0.94
20,5,9,1,0.88
20,5,10,1,0.855
20,5,11,1,0.835
20,5,12,1,0.85
20,5,13,1,0.77
20,5,14,1,0.825
20,5,15,1,0.765
20,5,16,1,0.765
20,5,17,1,0.725
20,5,18,1,0.725
20,5,1,2,0.81
20,5,2,2,0.855
20,5,3,2,0.69
20,5,4,2,0.76
20,5,5,2,0.73
20,5,6,2,0.69
20,5,7,2,0.73
20,5,8,2,0.685
20,5,9,2,0.85
20,5,10,2,0.84
20,5,11,2,0.83
20,5,12,2,0.905
20,5,13,2,0.75
20,5,14,2,0.88
20,5,15,2,0.92
20,5,16,2,0.915
20,5,17,2,0.905
20,5,18,2,0.78
20,6,1,1,0.46
20,6,2,1,0.565
20,6,3,1,0.6
20,6,4,1,0.56
20,6,5,1,0.59
20,6,6,1,0.57
20,6,7,1,0.555
20,6,8,1,0.56
20,6,9,1,0.58
20,6,10,1,0.535
20,6,11,1,0.87
20,6,12,1,0.565
20,6,13,1,0.54
20,6,14,1,0.66
20,6,15,1,0.635
20,6,16,1,0.545
20,6,17,1,0.575
20,6,18,1,0.565
20,6,19,1,0.59
20,6,20,1,0.62
20,6,21,1,0.595
20,6,22,1,0.74
20,6,23,1,0.635
20,6,24,1,0.615
20,6,1,2,0.575
20,6,2,2,0.605
20,6,3,2,0.55
20,6,4,2,0.64
20,6,5,2,0.57
20,6,6,2,0.55
20,6,7,2,0.51
20,6,8,2,0.635
20,6,9,2,0.625
20,6,10,2,0.585
20,6,11,2,0.615
20,6,12,2,0.63
20,6,13,2,0.565
20,6,14,2,0.64
20,6,15,2,0.6
20,6,16,2,0.64
20,6,17,2,0.615
20,6,18,2,0.64
20,6,19,2,0.62
20,6,20,2,0.575
20,6,21,2,0.61
20,6,22,2,0.625
20,6,23,2,0.585
20,6,24,2,0.64
20,7,1,1,0.535
20,7,2,1,0.61
20,7,3,1,0.56
20,7,4,1,0.525
20,7,5,1,0.615
20,7,6,1,0.555
20,7,7,1,0.55
20,7,8,1,0.61
20,7,9,1,0.645
20,7,10,1,0.545
20,7,11,1,0.53
20,7,12,1,0.64
20,7,13,1,0.535
20,7,14,1,0.58
20,7,15,1,0.535
20,7,16,1,0.565
20,7,17,1,0.525
20,7,18,1,0.58
20,7,19,1,0.57
20,7,20,1,0.595
20,7,21,1,0.655
20,7,22,1,0.57
20,7,23,1,0.665
20,7,24,1,0.58
20,7,25,1,0.54
20,7,1,2,0.41
20,7,2,2,0.56
20,7,3,2,0.69
20,7,4,2,0.615
20,7,5,2,0.545
20,7,6,2,0.555
20,7,7,2,0.595
20,7,8,2,0.59
20,7,9,2,0.615
20,7,10,2,0.565
20,7,11,2,0.615
20,7,12,2,0.58
20,7,13,2,0.66
20,7,14,2,0.61
20,7,15,2,0.575
20,7,16,2,0.61
20,7,17,2,0.615
20,7,18,2,0.595
20,7,19,2,0.575
20,7,20,2,0.56
20,7,21,2,0.62
20,7,22,2,0.57
20,7,23,2,0.615
20,7,24,2,0.55
20,7,25,2,0.58
20,8,1,1,0.79
20,8,2,1,0.69
20,8,3,1,0.76
20,8,4,1,0.76
20,8,5,1,0.735
20,8,6,1,0.7
20,8,7,1,0.725
20,8,8,1,0.755
20,8,9,1,0.825
20,8,10,1,0.84
20,8,11,1,0.72
20,8,12,1,0.755
20,8,13,1,0.73
20,8,14,1,0.725
20,8,15,1,0.775
20,8,16,1,0.725
20,8,17,1,0.795
20,8,18,1,0.755
20,8,19,1,0.745
20,8,1,2,0.82
20,8,2,2,0.875
20,8,3,2,0.765
20,8,4,2,0.755
20,8,5,2,0.7
20,8,6,2,0.72
20,8,7,2,0.695
20,8,8,2,0.81
20,8,9,2,0.205
20,8,10,2,0.51
20,8,11,2,0.765
20,8,12,2,0.745
20,8,13,2,0.805
20,8,14,2,0.85
20,8,15,2,0.795
20,8,16,2,0.845
20,8,17,2,0.735
20,8,18,2,0.84
20,8,19,2,0.915
20,9,1,1,0.595
20,9,2,1,0.71
20,9,3,1,0.73
20,9,4,1,0.73
20,9,5,1,0.74
20,9,6,1,0.73
20,9,7,1,0.845
20,9,8,1,0.695
20,9,9,1,0.77
20,9,10,1,0.745
20,9,11,1,0.625
20,9,12,1,0.68
20,9,13,1,0.67
20,9,14,1,0.71
20,9,15,1,0.715
20,9,16,1,0.72
20,9,17,1,0.205
20,9,18,1,0.58
20,9,19,1,0.78
20,9,20,1,0.765
20,9,1,2,0.785
20,9,2,2,0.7
20,9,3,2,0.855
20,9,4,2,0.735
20,9,5,2,0.775
20,9,6,2,0.81
20,9,7,2,0.715
20,9,8,2,0.735
20,9,9,2,0.83
20,9,10,2,0.78
20,9,11,2,0.83
20,9,12,2,0.775
20,9,13,2,0.78
20,9,14,2,0.785
20,9,15,2,0.73
20,9,16,2,0.72
20,9,17,2,0.77
20,9,18,2,0.69
20,9,19,2,0.755
20,10,1,1,0.63
20,10,2,1,0.715
20,10,3,1,0.685
20,10,4,1,0.79
20,10,5,1,0.74
20,10,6,1,0.735
20,10,7,1,0.86
20,10,8,1,0.735
20,10,9,1,0.785
20,10,10,1,0.715
20,10,11,1,0.73
20,10,12,1,0.76
20,10,13,1,0.82
20,10,14,1,0.76
20,10,15,1,0.845
20,10,16,1,0.74
20,10,17,1,0.69
20,10,18,1,0.755
20,10,1,2,0.565
20,10,2,2,0.205
20,10,3,2,0.585
20,10,4,2,0.76
20,10,5,2,0.78
20,10,6,2,0.795
20,10,7,2,0.77
20,10,8,2,0.705
20,10,9,2,0.9
20,10,10,2,0.715
20,10,11,2,0.685
20,10,12,2,0.7
20,10,13,2,0.83
20,10,14,2,0.74
20,10,15,2,0.705
20,10,16,2,0.69
20,10,17,2,0.69
20,10,18,2,0.695
20,10,19,2,0.7
20,10,20,2,0.675
20,10,21,2,0.645
20,11,1,1,0.83
20,11,2,1,0.835
20,11,3,1,0.835
20,11,4,1,0.865
20,11,5,1,0.82
20,11,6,1,0.745
20,11,7,1,0.825
20,11,8,1,0.815
20,11,9,1,0.825
20,11,10,1,0.79
20,11,11,1,0.845
20,11,12,1,0.81
20,11,13,1,0.86
20,11,14,1,0.785
20,11,15,1,0.86
20,11,16,1,0.845
20,11,17,1,0.835
20,11,1,2,0.86
20,11,2,2,0.835
20,11,3,2,0.87
20,11,4,2,0.77
20,11,5,2,0.855
20,11,6,2,0.85
20,11,7,2,0.83
20,11,8,2,0.845
20,11,9,2,0.885
20,11,10,2,0.76
20,11,11,2,0.885
20,11,12,2,0.78
20,11,13,2,0.94
20,11,14,2,0.83
20,11,15,2,0.8
20,11,16,2,0.885
20,11,17,2,0.79
20,12,1,1,0.68
20,12,2,1,0.665
20,12,3,1,0.675
20,12,4,1,0.665
20,12,5,1,0.685
20,12,6,1,0.765
20,12,7,1,0.7
20,12,8,1,0.7
20,12,9,1,0.64
20,12,10,1,0.725
20,12,11,1,0.775
20,12,12,1,0.735
20,12,13,1,0.65
20,12,14,1,0.71
20,12,15,1,0.685
20,12,16,1,0.69
20,12,17,1,0.665
20,12,18,1,0.66
20,12,19,1,0.655
20,12,20,1,0.64
20,12,1,2,0.725
20,12,2,2,0.61
20,12,3,2,0.455
20,12,4,2,0.685
20,12,5,2,0.66
20,12,6,2,0.67
20,12,7,2,0.64
20,12,8,2,0.695
20,12,9,2,0.645
20,12,10,2,0.66
20,12,11,2,0.645
20,12,12,2,0.615
20,12,13,2,0.695
20,12,14,2,0.665
20,12,15,2,0.685
20,12,16,2,0.655
20,12,17,2,0.68
20,12,18,2,0.765
20,12,19,2,0.66
20,12,20,2,0.73
20,12,21,2,0.585
20,13,1,1,0.38
20,13,2,1,0.41
20,13,3,1,0.42
20,13,4,1,0.445
20,13,5,1,0.485
20,13,6,1,0.425
20,13,7,1,0.435
20,13,8,1,0.44
20,13,9,1,0.43
20,13,10,1,0.485
20,13,11,1,0.425
20,13,12,1,0.49
20,13,13,1,0.47
20,13,14,1,0.39
20,13,15,1,0.435
20,13,16,1,0.455
20,13,17,1,0.485
20,13,18,1,0.515
20,13,19,1,0.465
20,13,20,1,0.405
20,13,21,1,0.43
20,13,22,1,0.395
20,13,23,1,0.39
20,13,24,1,0.44
20,13,25,1,0.39
20,13,26,1,0.46
20,13,27,1,0.525
20,13,28,1,0.445
20,13,29,1,0.475
20,13,30,1,0.46
20,13,31,1,0.505
20,13,32,1,0.43
20,13,1,2,0.465
20,13,2,2,0.475
20,13,3,2,0.46
20,13,4,2,0.43
20,13,5,2,0.44
20,13,6,2,0.415
20,13,7,2,0.435
20,13,8,2,0.525
20,13,9,2,0.505
20,13,10,2,0.535
20,13,11,2,0.485
20,13,12,2,0.44
20,13,13,2,0.46
20,13,14,2,0.475
20,13,15,2,0.435
20,13,16,2,0.45
20,13,17,2,0.46
20,13,18,2,0.51
20,13,19,2,0.445
20,13,20,2,0.405
20,13,21,2,0.415
20,13,22,2,0.455
20,13,23,2,0.405
20,13,24,2,0.605
20,13,25,2,0.295
20,13,26,2,0.415
20,13,27,2,0.485
20,13,28,2,0.52
20,13,29,2,0.365
20,13,30,2,0.46
20,13,31,2,0.425
20,13,32,2,0.485
20,14,1,1,0.51
20,14,2,1,0.555
20,14,3,1,0.52
20,14,4,1,0.58
20,14,5,1,0.535
20,14,6,1,0.55
20,14,7,1,0.485
20,14,8,1,0.545
20,14,9,1,0.585
20,14,10,1,0.49
20,14,11,1,0.535
20,14,12,1,0.5
20,14,13,1,0.5
20,14,14,1,0.615
20,14,15,1,0.505
20,14,16,1,0.575
20,14,17,1,0.565
20,14,18,1,0.58
20,14,19,1,0.59
20,14,20,1,0.485
20,14,21,1,0.62
20,14,22,1,0.61
20,14,23,1,0.51
20,14,24,1,0.555
20,14,25,1,0.57
20,14,26,1,0.605
20,14,1,2,0.505
20,14,2,2,0.59
20,14,3,2,1.22
20,14,4,2,0.63
20,14,5,2,0.615
20,14,6,2,0.645
20,14,7,2,0.625
20,14,8,2,0.62
20,14,9,2,0.52
20,14,10,2,0.65
20,14,11,2,0.56
20,14,12,2,0.58
20,14,13,2,0.58
20,14,14,2,0.515
20,14,15,2,0.62
20,14,16,2,0.62
20,14,17,2,0.615
20,14,18,2,0.55
20,14,19,2,0.61
20,14,20,2,0.51
20,14,21,2,0.55
20,14,22,2,0.5
20,14,23,2,0.515
20,14,24,2,0.47
20,15,1,1,0.205
20,15,2,1,0.44
20,15,3,1,0.64
20,15,4,1,0.635
20,15,5,1,0.59
20,15,6,1,0.59
20,15,7,1,0.705
20,15,8,1,0.645
20,15,9,1,0.205
20,15,10,1,0.36
20,15,11,1,0.66
20,15,12,1,0.205
20,15,13,1,0.425
20,15,14,1,0.605
20,15,15,1,0.74
20,15,16,1,0.205
20,15,17,1,0.495
20,15,18,1,0.205
20,15,19,1,0.455
20,15,20,1,0.72
20,15,21,1,0.68
20,15,22,1,0.665
20,15,23,1,0.66
20,15,24,1,0.205
20,15,25,1,0.44
20,15,26,1,0.585
20,15,27,1,0.205
20,15,28,1,0.43
20,15,29,1,0.665
20,15,1,2,0.58
20,15,2,2,0.56
20,15,3,2,0.205
20,15,4,2,0.47
20,15,5,2,0.205
20,15,6,2,0.475
20,15,7,2,0.205
20,15,8,2,0.44
20,15,9,2,0.605
20,15,10,2,0.635
20,15,11,2,0.645
20,15,12,2,0.565
20,15,13,2,0.205
20,15,14,2,0.395
20,15,15,2,0.665
20,15,16,2,0.205
20,15,17,2,0.465
20,15,18,2,0.59
20,15,19,2,0.205
20,15,20,2,1.165
20,15,21,2,0.665
20,15,22,2,0.205
20,15,23,2,0.385
20,15,24,2,0.205
20,15,25,2,0.435
20,15,26,2,0.59
20,15,27,2,0.6
20,15,28,2,0.605
20,15,29,2,0.605
20,15,30,2,0.59
20,16,1,1,0.335
20,16,2,1,0.61
20,16,3,1,0.505
20,16,4,1,0.585
20,16,5,1,4
20,16,6,1,1.165
20,16,7,1,0.59
20,16,8,1,0.585
20,16,9,1,0.595
20,16,10,1,0.63
20,16,11,1,0.58
20,16,12,1,0.605
20,16,13,1,0.565
20,16,14,1,0.62
20,16,15,1,0.715
20,16,16,1,1.225
20,16,1,2,0.485
20,16,2,2,0.59
20,16,3,2,0.64
20,16,4,2,0.585
20,16,5,2,0.545
20,16,6,2,0.57
20,16,7,2,0.51
20,16,8,2,0.205
20,16,9,2,0.4
20,16,10,2,0.5
20,16,11,2,1.19
20,16,12,2,0.55
20,16,13,2,0.995
20,16,14,2,1.19
20,16,15,2,0.49
20,16,16,2,1.11
20,16,17,2,1.25
20,16,18,2,0.53
20,16,19,2,1.805
20,16,20,2,0.675
20,17,1,1,0.65
20,17,2,1,3.675
20,17,3,1,5.65
20,17,4,1,0.64
20,17,1,2,0.495
20,17,2,2,0.64
20,17,3,2,0.59
20,17,4,2,0.64
20,17,5,2,0.575
20,17,6,2,0.595
20,17,7,2,0.645
20,17,8,2,0.64
20,17,9,2,0.64
20,17,10,2,0.585
20,17,11,2,0.645
20,17,12,2,0.67
20,17,13,2,0.685
20,17,14,2,0.7
20,17,15,2,0.645
20,17,16,2,0.675
20,17,17,2,0.675
20,17,18,2,0.7
20,18,1,1,0.59
20,18,2,1,0.735
20,18,3,1,0.665
20,18,4,1,1.505
20,18,5,1,0.205
20,18,6,1,0.425
20,18,7,1,0.795
20,18,8,1,0.515
20,18,9,1,5.2
20,18,10,1,2.115
20,18,11,1,0.625
20,18,12,1,0.68
20,18,1,2,0.595
20,18,2,2,0.59
20,18,3,2,0.64
20,18,4,2,1.995
20,18,5,2,0.885
20,19,1,1,1.02
20,19,2,1,1.2
20,19,3,1,1.25
20,19,4,1,1.185
20,19,5,1,1.24
20,19,6,1,1.24
20,19,7,1,1.235
20,19,8,1,1.265
20,19,9,1,1.245
20,19,10,1,1.155
20,19,11,1,0.74
20,19,12,1,0.55
20,19,1,2,0.285
20,19,2,2,1.02
20,19,3,2,0.455
20,19,4,2,0.615
20,19,5,2,0.205
20,19,6,2,0.52
20,19,7,2,0.74
20,19,8,2,0.575
20,19,9,2,0.575
20,19,10,2,0.605
20,19,11,2,0.575
20,19,12,2,0.59
20,19,13,2,0.61
20,19,14,2,0.56
20,19,15,2,1.28
20,19,16,2,0.665
20,19,17,2,0.585
20,19,18,2,0.565
20,19,19,2,0.565
20,19,20,2,1.27
20,19,21,2,1.24
20,20,1,1,0.74
20,20,2,1,0.485
20,20,3,1,0.59
20,20,4,1,0.595
20,20,5,1,0.575
20,20,6,1,0.585
20,20,7,1,0.63
20,20,8,1,0.545
20,20,9,1,0.585
20,20,10,1,0.52
20,20,11,1,0.55
20,20,12,1,0.58
20,20,13,1,0.575
20,20,14,1,0.56
20,20,15,1,0.585
20,20,16,1,0.59
20,20,17,1,0.62
20,20,18,1,0.62
20,20,19,1,0.58
20,20,20,1,0.645
20,20,21,1,0.59
20,20,22,1,0.64
20,20,23,1,0.64
20,20,24,1,0.625
20,20,1,2,0.505
20,20,2,2,0.655
20,20,3,2,0.545
20,20,4,2,0.695
20,20,5,2,0.5
20,20,6,2,0.605
20,20,7,2,0.59
20,20,8,2,0.38
20,20,9,2,0.83
20,20,10,2,1.175
20,20,11,2,1.135
20,20,12,2,0.86
20,20,13,2,0.535
20,20,14,2,0.64
20,20,15,2,0.655
20,20,16,2,0.61
20,20,17,2,0.605
20,20,18,2,0.705
20,20,19,2,0.545
20,20,20,2,0.56
20,20,21,2,0.725
20,20,22,2,0.615
20,21,1,1,0.645
20,21,2,1,0.665
20,21,3,1,0.685
20,21,4,1,0.735
20,21,5,1,0.74
20,21,6,1,0.625
20,21,7,1,0.74
20,21,8,1,0.68
20,21,9,1,0.68
20,21,10,1,0.875
20,21,11,1,0.73
20,21,12,1,0.76
20,21,13,1,0.835
20,21,14,1,0.685
20,21,15,1,0.83
20,21,16,1,0.675
20,21,17,1,0.89
20,21,18,1,0.725
20,21,19,1,0.755
20,21,1,2,0.73
20,21,2,2,0.685
20,21,3,2,0.72
20,21,4,2,0.725
20,21,5,2,0.705
20,21,6,2,1.44
20,21,7,2,0.79
20,21,8,2,0.775
20,21,9,2,0.82
20,21,10,2,0.77
20,21,11,2,0.67
20,21,12,2,0.835
20,21,13,2,0.74
20,21,14,2,0.74
20,21,15,2,0.745
20,21,16,2,0.66
20,21,17,2,0.78
20,22,1,1,0.78
20,22,2,1,0.655
20,22,3,1,0.95
20,22,4,1,0.78
20,22,5,1,0.79
20,22,6,1,0.91
20,22,7,1,0.74
20,22,8,1,0.765
20,22,9,1,1.025
20,22,10,1,0.79
20,22,11,1,0.89
20,22,12,1,0.58
20,22,13,1,0.845
20,22,14,1,0.645
20,22,15,1,0.86
20,22,16,1,0.885
20,22,17,1,0.925
20,22,1,2,1.8
20,22,2,2,0.82
20,22,3,2,0.965
20,22,4,2,0.905
20,22,5,2,1.655
20,22,6,2,0.87
20,22,7,2,0.885
20,22,8,2,1.02
20,22,9,2,0.975
20,22,10,2,1.06
20,22,11,2,1.455
20,22,12,2,0.635
20,22,13,2,0.75
20,22,14,2,0.675
20,23,1,1,0.59
20,23,2,1,0.645
20,23,3,1,0.615
20,23,4,1,0.555
20,23,5,1,0.725
20,23,6,1,0.595
20,23,7,1,0.6
20,23,8,1,0.595
20,23,9,1,0.68
20,23,10,1,0.645
20,23,11,1,0.615
20,23,12,1,0.61
20,23,13,1,0.705
20,23,14,1,0.66
20,23,15,1,0.68
20,23,16,1,0.695
20,23,17,1,0.55
20,23,18,1,0.705
20,23,19,1,0.64
20,23,20,1,0.685
20,23,21,1,0.665
20,23,22,1,0.575
20,23,1,2,0.205
20,23,2,2,0.4
20,23,3,2,0.67
20,23,4,2,0.63
20,23,5,2,0.75
20,23,6,2,0.745
20,23,7,2,0.575
20,23,8,2,0.82
20,23,9,2,0.775
20,23,10,2,0.61
20,23,11,2,0.585
20,23,12,2,0.695
20,23,13,2,0.55
20,23,14,2,0.7
20,23,15,2,0.685
20,23,16,2,0.65
20,23,17,2,0.715
20,23,18,2,0.575
20,23,19,2,0.64
20,23,20,2,0.65
20,23,21,2,0.655
20,23,22,2,0.595
20,23,23,2,0.55
20,24,1,1,0.655
20,24,2,1,0.835
20,24,3,1,0.885
20,24,4,1,0.82
20,24,5,1,0.75
20,24,6,1,0.825
20,24,7,1,0.76
20,24,8,1,0.89
20,24,9,1,0.88
20,24,10,1,0.745
20,24,11,1,0.735
20,24,12,1,0.74
20,24,13,1,0.89
20,24,14,1,0.82
20,24,15,1,0.73
20,24,16,1,0.87
20,24,17,1,0.72
20,24,18,1,0.77
20,24,1,2,0.83
20,24,2,2,0.785
20,24,3,2,1.205
20,24,4,2,0.61
20,24,5,2,0.725
20,24,6,2,0.775
20,24,7,2,0.8
20,24,8,2,0.99
20,24,9,2,0.73
20,24,10,2,1.615
20,24,11,2,0.71
20,24,12,2,0.725
20,24,13,2,0.715
20,24,14,2,0.675
20,24,15,2,0.785
20,24,16,2,0.765
