22,1,1,1,0.42
22,1,2,1,0.3
22,1,3,1,0.34
22,1,4,1,0.28
22,1,5,1,0.24
22,1,6,1,0.685
22,1,7,1,0.435
22,1,8,1,0.36
22,1,9,1,0.295
22,1,10,1,0.205
22,1,11,1,0.275
22,1,12,1,0.205
22,1,13,1,0.255
22,1,14,1,1.135
22,1,15,1,0.305
22,1,16,1,0.265
22,1,17,1,0.33
22,1,18,1,0.765
22,1,19,1,0.315
22,1,20,1,0.27
22,1,21,1,0.225
22,1,22,1,0.54
22,1,23,1,0.205
22,1,24,1,0.255
22,1,25,1,0.205
22,1,26,1,0.305
22,1,27,1,0.98
22,1,28,1,0.325
22,1,29,1,0.32
22,1,30,1,0.3
22,1,31,1,0.265
22,1,32,1,0.255
22,1,33,1,0.285
22,1,34,1,0.625
22,1,35,1,0.205
22,1,36,1,0.205
22,1,37,1,0.265
22,1,38,1,1.14
22,1,1,2,0.28
22,1,2,2,0.335
22,1,3,2,0.455
22,1,4,2,0.655
22,1,5,2,0.325
22,1,6,2,0.27
22,1,7,2,0.205
22,1,8,2,0.815
22,1,9,2,0.215
22,1,10,2,0.26
22,1,11,2,0.205
22,1,12,2,0.295
22,1,13,2,0.345
22,1,14,2,0.825
22,1,15,2,0.45
22,1,16,2,0.27
22,1,17,2,0.31
22,1,18,2,0.31
22,1,19,2,0.345
22,1,20,2,0.34
22,1,21,2,0.55
22,1,22,2,0.205
22,1,23,2,0.205
22,1,24,2,0.26
22,1,25,2,0.775
22,1,26,2,0.315
22,1,27,2,0.345
22,1,28,2,0.285
22,1,29,2,0.805
22,1,30,2,0.365
22,1,31,2,0.28
22,1,32,2,0.235
22,1,33,2,0.545
22,1,34,2,0.205
22,1,35,2,0.24
22,1,36,2,0.205
22,1,37,2,0.275
22,1,38,2,0.205
22,1,39,2,0.72
22,2,1,1,0.375
22,2,2,1,0.205
22,2,3,1,0.205
22,2,4,1,0.205
22,2,5,1,0.31
22,2,6,1,0.205
22,2,7,1,0.205
22,2,8,1,0.205
22,2,9,1,0.205
22,2,10,1,0.445
22,2,11,1,0.34
22,2,12,1,0.27
22,2,13,1,0.405
22,2,14,1,0.215
22,2,15,1,0.29
22,2,16,1,0.335
22,2,17,1,0.205
22,2,18,1,0.21
22,2,19,1,0.325
22,2,20,1,0.285
22,2,21,1,0.205
22,2,22,1,0.205
22,2,23,1,0.425
22,2,24,1,0.295
22,2,25,1,0.205
22,2,26,1,0.205
22,2,27,1,0.205
22,2,28,1,0.205
22,2,29,1,0.215
22,2,30,1,0.325
22,2,31,1,0.31
22,2,32,1,0.355
22,2,33,1,0.205
22,2,34,1,0.205
22,2,35,1,0.205
22,2,36,1,0.255
22,2,37,1,0.435
22,2,38,1,0.265
22,2,39,1,0.38
22,2,40,1,0.205
22,2,41,1,0.205
22,2,42,1,0.205
22,2,43,1,0.205
22,2,44,1,0.605
22,2,45,1,0.365
22,2,46,1,0.415
22,2,47,1,0.205
22,2,48,1,0.205
22,2,49,1,0.205
22,2,50,1,0.33
22,2,51,1,0.205
22,2,52,1,0.22
22,2,53,1,0.365
22,2,1,2,0.455
22,2,2,2,0.435
22,2,3,2,0.215
22,2,4,2,0.205
22,2,5,2,0.26
22,2,6,2,0.365
22,2,7,2,0.205
22,2,8,2,0.205
22,2,9,2,0.205
22,2,10,2,0.205
22,2,11,2,0.43
22,2,12,2,0.205
22,2,13,2,0.205
22,2,14,2,0.205
22,2,15,2,0.435
22,2,16,2,0.255
22,2,17,2,0.205
22,2,18,2,0.265
22,2,19,2,0.365
22,2,20,2,0.205
22,2,21,2,0.205
22,2,22,2,0.225
22,2,23,2,0.255
22,2,24,2,0.59
22,2,25,2,0.27
22,2,26,2,0.205
22,2,27,2,0.345
22,2,28,2,0.39
22,2,29,2,0.395
22,2,30,2,0.275
22,2,31,2,0.205
22,2,32,2,0.22
22,2,33,2,0.395
22,2,34,2,0.52
22,2,35,2,0.205
22,2,36,2,0.21
22,2,37,2,0.23
22,2,38,2,0.205
22,2,39,2,0.205
22,2,40,2,0.41
22,2,41,2,0.205
22,2,42,2,0.21
22,2,43,2,0.205
22,2,44,2,0.205
22,2,45,2,0.22
22,2,46,2,0.35
22,2,47,2,0.365
22,2,48,2,0.205
22,2,49,2,0.21
22,2,50,2,0.205
22,2,51,2,0.36
22,2,52,2,0.215
22,2,53,2,0.205
22,3,1,1,0.31
22,3,2,1,0.31
22,3,3,1,0.28
22,3,4,1,0.3
22,3,5,1,0.28
22,3,6,1,0.27
22,3,7,1,0.325
22,3,8,1,0.5
22,3,9,1,0.205
22,3,10,1,0.205
22,3,11,1,0.29
22,3,12,1,1.225
22,3,13,1,0.475
22,3,14,1,0.32
22,3,15,1,0.3
22,3,16,1,0.32
22,3,17,1,0.485
22,3,18,1,0.835
22,3,19,1,0.255
22,3,20,1,0.34
22,3,21,1,0.41
22,3,22,1,0.475
22,3,23,1,1.05
22,3,24,1,0.23
22,3,25,1,0.335
22,3,26,1,0.35
22,3,27,1,0.335
22,3,28,1,0.325
22,3,29,1,0.205
22,3,30,1,0.215
22,3,31,1,0.46
22,3,32,1,0.295
22,3,33,1,1.455
22,3,34,1,0.38
22,3,1,2,0.23
22,3,2,2,0.3
22,3,3,2,0.305
22,3,4,2,0.3
22,3,5,2,0.485
22,3,6,2,0.205
22,3,7,2,0.205
22,3,8,2,0.295
22,3,9,2,1.075
22,3,10,2,0.325
22,3,11,2,0.345
22,3,12,2,0.375
22,3,13,2,0.485
22,3,14,2,1.02
22,3,15,2,0.34
22,3,16,2,0.315
22,3,17,2,0.365
22,3,18,2,0.495
22,3,19,2,1
22,3,20,2,0.23
22,3,21,2,0.285
22,3,22,2,0.205
22,3,23,2,0.415
22,3,24,2,0.41
22,3,25,2,1.065
22,3,26,2,0.37
22,3,27,2,0.335
22,3,28,2,0.325
22,3,29,2,0.375
22,3,30,2,0.275
22,3,31,2,0.39
22,3,32,2,0.5
22,3,33,2,0.205
22,3,34,2,0.235
22,3,35,2,0.3
22,4,1,1,0.245
22,4,2,1,0.27
22,4,3,1,0.275
22,4,4,1,0.255
22,4,5,1,0.27
22,4,6,1,0.595
22,4,7,1,0.57
22,4,8,1,0.51
22,4,9,1,0.25
22,4,10,1,0.39
22,4,11,1,0.38
22,4,12,1,0.35
22,4,13,1,0.205
22,4,14,1,0.235
22,4,15,1,0.285
22,4,16,1,0.24
22,4,17,1,0.285
22,4,18,1,0.59
22,4,19,1,0.295
22,4,20,1,0.285
22,4,21,1,0.535
22,4,22,1,0.27
22,4,23,1,0.3
22,4,24,1,0.605
22,4,25,1,0.325
22,4,26,1,0.205
22,4,27,1,0.28
22,4,28,1,0.31
22,4,29,1,0.27
22,4,30,1,0.295
22,4,31,1,0.605
22,4,32,1,0.635
22,4,33,1,0.565
22,4,34,1,0.34
22,4,35,1,0.885
22,4,36,1,0.375
22,4,37,1,0.205
22,4,38,1,0.265
22,4,39,1,0.27
22,4,40,1,0.265
22,4,1,2,0.55
22,4,2,2,0.31
22,4,3,2,0.295
22,4,4,2,0.58
22,4,5,2,0.295
22,4,6,2,0.28
22,4,7,2,0.55
22,4,8,2,0.325
22,4,9,2,0.205
22,4,10,2,0.26
22,4,11,2,0.29
22,4,12,2,0.29
22,4,13,2,0.295
22,4,14,2,0.65
22,4,15,2,0.535
22,4,16,2,0.55
22,4,17,2,0.27
22,4,18,2,0.84
22,4,19,2,0.395
22,4,20,2,0.205
22,4,21,2,0.255
22,4,22,2,0.24
22,4,23,2,0.285
22,4,24,2,0.295
22,4,25,2,0.27
22,4,26,2,0.52
22,4,27,2,0.23
22,4,28,2,0.295
22,4,29,2,0.57
22,4,30,2,0.265
22,4,31,2,0.29
22,4,32,2,0.62
22,4,33,2,0.405
22,4,34,2,0.205
22,4,35,2,0.265
22,4,36,2,0.27
22,4,37,2,0.255
22,4,38,2,0.205
22,4,39,2,0.295
22,4,40,2,0.535
22,5,1,1,0.455
22,5,2,1,0.46
22,5,3,1,0.3
22,5,4,1,0.205
22,5,5,1,0.295
22,5,6,1,0.405
22,5,7,1,0.59
22,5,8,1,0.34
22,5,9,1,0.37
22,5,10,1,0.365
22,5,11,1,0.455
22,5,12,1,0.425
22,5,13,1,0.47
22,5,14,1,0.375
22,5,15,1,0.585
22,5,16,1,0.205
22,5,17,1,0.33
22,5,18,1,0.335
22,5,19,1,0.515
22,5,20,1,0.23
22,5,21,1,0.295
22,5,22,1,0.375
22,5,23,1,0.59
22,5,24,1,0.205
22,5,25,1,0.335
22,5,26,1,0.335
22,5,27,1,0.415
22,5,28,1,0.35
22,5,29,1,0.31
22,5,30,1,0.495
22,5,31,1,0.205
22,5,32,1,0.31
22,5,33,1,0.335
22,5,34,1,0.605
22,5,35,1,0.205
22,5,36,1,0.31
22,5,37,1,0.35
22,5,38,1,0.525
22,5,39,1,0.215
22,5,1,2,0.34
22,5,2,2,0.565
22,5,3,2,0.34
22,5,4,2,0.36
22,5,5,2,0.565
22,5,6,2,0.255
22,5,7,2,0.26
22,5,8,2,0.32
22,5,9,2,0.62
22,5,10,2,0.36
22,5,11,2,0.325
22,5,12,2,0.475
22,5,13,2,0.21
22,5,14,2,0.295
22,5,15,2,0.35
22,5,16,2,0.665
22,5,17,2,0.33
22,5,18,2,0.3
22,5,19,2,0.535
22,5,20,2,0.205
22,5,21,2,0.265
22,5,22,2,0.335
22,5,23,2,0.67
22,5,24,2,0.62
22,5,25,2,0.565
22,5,26,2,0.305
22,5,27,2,0.8
22,5,28,2,0.27
22,5,29,2,0.3
22,5,30,2,0.375
22,5,31,2,0.21
22,5,32,2,0.285
22,5,33,2,0.355
22,5,34,2,0.605
22,5,35,2,0.35
22,5,36,2,0.335
22,6,1,1,0.34
22,6,2,1,0.325
22,6,3,1,0.36
22,6,4,1,0.5
22,6,5,1,0.205
22,6,6,1,0.35
22,6,7,1,0.39
22,6,8,1,0.635
22,6,9,1,0.225
22,6,10,1,0.355
22,6,11,1,0.36
22,6,12,1,0.565
22,6,13,1,0.205
22,6,14,1,0.28
22,6,15,1,0.375
22,6,16,1,0.83
22,6,17,1,0.415
22,6,18,1,0.405
22,6,19,1,0.59
22,6,20,1,0.21
22,6,21,1,0.245
22,6,22,1,0.365
22,6,23,1,0.825
22,6,24,1,0.475
22,6,25,1,0.605
22,6,26,1,0.56
22,6,27,1,0.31
22,6,28,1,1.09
22,6,29,1,0.425
22,6,30,1,0.34
22,6,31,1,0.505
22,6,32,1,0.205
22,6,33,1,0.295
22,6,34,1,0.35
22,6,1,2,0.35
22,6,2,2,0.34
22,6,3,2,0.5
22,6,4,2,0.205
22,6,5,2,0.315
22,6,6,2,0.36
22,6,7,2,0.775
22,6,8,2,0.335
22,6,9,2,0.35
22,6,10,2,0.23
22,6,11,2,0.33
22,6,12,2,0.205
22,6,13,2,0.32
22,6,14,2,0.35
22,6,15,2,0.725
22,6,16,2,0.645
22,6,17,2,0.4
22,6,18,2,0.365
22,6,19,2,0.845
22,6,20,2,0.32
22,6,21,2,0.38
22,6,22,2,0.44
22,6,23,2,0.21
22,6,24,2,0.3
22,6,25,2,0.365
22,6,26,2,0.71
22,6,27,2,0.335
22,6,28,2,0.325
22,6,29,2,0.49
22,6,30,2,0.205
22,6,31,2,0.29
22,6,32,2,0.335
22,6,33,2,0.675
22,6,34,2,0.37
22,6,35,2,0.31
22,7,1,1,0.475
22,7,2,1,0.31
22,7,3,1,0.35
22,7,4,1,0.25
22,7,5,1,0.375
22,7,6,1,0.545
22,7,7,1,0.56
22,7,8,1,0.205
22,7,9,1,0.205
22,7,10,1,0.28
22,7,11,1,0.27
22,7,12,1,1.805
22,7,13,1,0.36
22,7,14,1,0.245
22,7,15,1,0.325
22,7,16,1,0.43
22,7,17,1,0.855
22,7,18,1,0.285
22,7,19,1,0.265
22,7,20,1,0.31
22,7,21,1,0.415
22,7,22,1,0.51
22,7,23,1,0.3
22,7,24,1,0.28
22,7,25,1,0.205
22,7,26,1,0.395
22,7,27,1,0.295
22,7,28,1,0.23
22,7,29,1,0.205
22,7,30,1,0.32
22,7,31,1,0.285
22,7,32,1,0.995
22,7,33,1,0.315
22,7,34,1,0.33
22,7,35,1,0.325
22,7,36,1,0.36
22,7,1,2,0.365
22,7,2,2,0.605
22,7,3,2,0.205
22,7,4,2,0.24
22,7,5,2,0.275
22,7,6,2,2.43
22,7,7,2,0.31
22,7,8,2,0.275
22,7,9,2,0.31
22,7,10,2,0.445
22,7,11,2,0.55
22,7,12,2,0.27
22,7,13,2,0.295
22,7,14,2,0.35
22,7,15,2,0.425
22,7,16,2,0.47
22,7,17,2,0.29
22,7,18,2,0.27
22,7,19,2,0.215
22,7,20,2,0.595
22,7,21,2,0.21
22,7,22,2,0.215
22,7,23,2,0.205
22,7,24,2,0.27
22,7,25,2,0.23
22,7,26,2,0.21
22,7,27,2,0.515
22,7,28,2,0.405
22,7,29,2,0.31
22,7,30,2,0.35
22,7,31,2,0.36
22,7,32,2,0.325
22,7,33,2,0.32
22,7,34,2,0.46
22,7,35,2,0.205
22,7,36,2,0.24
22,7,37,2,0.33
22,8,1,1,0.53
22,8,2,1,0.41
22,8,3,1,0.39
22,8,4,1,0.51
22,8,5,1,0.205
22,8,6,1,0.275
22,8,7,1,0.33
22,8,8,1,0.57
22,8,9,1,0.315
22,8,10,1,0.38
22,8,11,1,0.475
22,8,12,1,0.205
22,8,13,1,0.315
22,8,14,1,0.39
22,8,15,1,0.7
22,8,16,1,0.375
22,8,17,1,0.395
22,8,18,1,0.475
22,8,19,1,0.28
22,8,20,1,0.255
22,8,21,1,0.37
22,8,22,1,0.51
22,8,23,1,0.215
22,8,24,1,0.345
22,8,25,1,0.335
22,8,26,1,0.35
22,8,27,1,0.365
22,8,28,1,0.77
22,8,29,1,0.375
22,8,30,1,0.35
22,8,31,1,0.495
22,8,32,1,0.205
22,8,33,1,0.32
22,8,34,1,0.355
22,8,35,1,0.55
22,8,36,1,0.205
22,8,37,1,0.32
22,8,38,1,0.34
22,8,1,2,0.205
22,8,2,2,0.335
22,8,3,2,0.375
22,8,4,2,0.725
22,8,5,2,0.36
22,8,6,2,0.34
22,8,7,2,0.52
22,8,8,2,0.205
22,8,9,2,0.31
22,8,10,2,0.335
22,8,11,2,0.56
22,8,12,2,0.215
22,8,13,2,0.365
22,8,14,2,0.395
22,8,15,2,0.4
22,8,16,2,0.4
22,8,17,2,1.205
22,8,18,2,0.355
22,8,19,2,0.305
22,8,20,2,0.55
22,8,21,2,0.23
22,8,22,2,0.34
22,8,23,2,0.35
22,8,24,2,0.685
22,8,25,2,0.205
22,8,26,2,0.295
22,8,27,2,0.36
22,8,28,2,0.5
22,8,29,2,0.205
22,8,30,2,0.295
22,8,31,2,0.35
22,8,32,2,0.7
22,8,33,2,0.36
22,8,34,2,0.39
22,8,35,2,0.495
22,8,36,2,0.205
22,9,1,1,0.235
22,9,2,1,0.205
22,9,3,1,0.225
22,9,4,1,0.255
22,9,5,1,0.27
22,9,6,1,0.295
22,9,7,1,0.545
22,9,8,1,0.475
22,9,9,1,0.495
22,9,10,1,0.255
22,9,11,1,0.755
22,9,12,1,0.36
22,9,13,1,0.205
22,9,14,1,0.255
22,9,15,1,0.265
22,9,16,1,0.255
22,9,17,1,0.31
22,9,18,1,0.61
22,9,19,1,0.31
22,9,20,1,0.335
22,9,21,1,0.68
22,9,22,1,0.35
22,9,23,1,0.295
22,9,24,1,0.645
22,9,25,1,0.47
22,9,26,1,0.205
22,9,27,1,0.305
22,9,28,1,0.32
22,9,29,1,0.31
22,9,30,1,0.315
22,9,31,1,0.62
22,9,32,1,0.67
22,9,33,1,0.645
22,9,34,1,0.34
22,9,35,1,1.025
22,9,36,1,0.405
22,9,1,2,0.325
22,9,2,2,0.325
22,9,3,2,0.345
22,9,4,2,0.58
22,9,5,2,0.27
22,9,6,2,0.295
22,9,7,2,0.62
22,9,8,2,0.315
22,9,9,2,0.335
22,9,10,2,0.58
22,9,11,2,0.425
22,9,12,2,0.215
22,9,13,2,0.25
22,9,14,2,0.255
22,9,15,2,0.255
22,9,16,2,0.295
22,9,17,2,0.63
22,9,18,2,0.63
22,9,19,2,0.565
22,9,20,2,0.315
22,9,21,2,1.15
22,9,22,2,0.47
22,9,23,2,0.215
22,9,24,2,0.325
22,9,25,2,0.295
22,9,26,2,0.335
22,9,27,2,0.275
22,9,28,2,0.655
22,9,29,2,0.31
22,9,30,2,0.32
22,9,31,2,0.66
22,9,32,2,0.275
22,9,33,2,0.31
22,9,34,2,0.595
22,9,35,2,0.365
22,9,36,2,0.225
22,10,1,1,0.295
22,10,2,1,0.205
22,10,3,1,0.205
22,10,4,1,0.265
22,10,5,1,0.27
22,10,6,1,0.355
22,10,7,1,0.205
22,10,8,1,0.205
22,10,9,1,0.58
22,10,10,1,0.26
22,10,11,1,0.36
22,10,12,1,0.285
22,10,13,1,0.305
22,10,14,1,0.205
22,10,15,1,0.205
22,10,16,1,0.215
22,10,17,1,0.37
22,10,18,1,0.325
22,10,19,1,0.36
22,10,20,1,0.325
22,10,21,1,0.325
22,10,22,1,0.375
22,10,23,1,0.335
22,10,24,1,0.205
22,10,25,1,0.265
22,10,26,1,0.205
22,10,27,1,0.28
22,10,28,1,0.39
22,10,29,1,0.205
22,10,30,1,0.205
22,10,31,1,0.49
22,10,32,1,0.205
22,10,33,1,0.205
22,10,34,1,0.205
22,10,35,1,0.205
22,10,36,1,0.345
22,10,37,1,0.205
22,10,38,1,0.32
22,10,39,1,0.37
22,10,40,1,0.205
22,10,41,1,0.33
22,10,42,1,0.35
22,10,43,1,0.225
22,10,44,1,0.39
22,10,45,1,0.505
22,10,46,1,0.305
22,10,47,1,0.31
22,10,48,1,0.205
22,10,49,1,0.205
22,10,1,2,0.33
22,10,2,2,0.205
22,10,3,2,0.33
22,10,4,2,0.205
22,10,5,2,0.375
22,10,6,2,0.205
22,10,7,2,0.205
22,10,8,2,0.29
22,10,9,2,0.36
22,10,10,2,0.38
22,10,11,2,0.34
22,10,12,2,0.205
22,10,13,2,0.205
22,10,14,2,0.29
22,10,15,2,0.35
22,10,16,2,0.205
22,10,17,2,0.295
22,10,18,2,0.215
22,10,19,2,0.205
22,10,20,2,0.475
22,10,21,2,0.205
22,10,22,2,0.205
22,10,23,2,0.305
22,10,24,2,0.405
22,10,25,2,0.205
22,10,26,2,0.205
22,10,27,2,0.605
22,10,28,2,0.205
22,10,29,2,0.205
22,10,30,2,0.205
22,10,31,2,0.325
22,10,32,2,0.205
22,10,33,2,0.205
22,10,34,2,0.355
22,10,35,2,0.205
22,10,36,2,0.34
22,10,37,2,0.205
22,10,38,2,0.34
22,10,39,2,0.275
22,10,40,2,0.445
22,10,41,2,0.215
22,10,42,2,0.205
22,10,43,2,0.205
22,10,44,2,0.37
22,10,45,2,0.215
22,10,46,2,0.205
22,10,47,2,0.22
22,10,48,2,0.37
22,10,49,2,0.42
22,10,50,2,0.205
22,10,51,2,0.335
22,10,52,2,0.205
22,11,1,1,0.31
22,11,2,1,0.27
22,11,3,1,0.225
22,11,4,1,0.245
22,11,5,1,0.485
22,11,6,1,0.21
22,11,7,1,0.275
22,11,8,1,0.495
22,11,9,1,0.22
22,11,10,1,0.24
22,11,11,1,0.355
22,11,12,1,0.255
22,11,13,1,0.205
22,11,14,1,0.205
22,11,15,1,0.36
22,11,16,1,0.305
22,11,17,1,0.23
22,11,18,1,0.245
22,11,19,1,0.545
22,11,20,1,0.51
22,11,21,1,0.335
22,11,22,1,0.21
22,11,23,1,0.27
22,11,24,1,0.715
22,11,25,1,0.355
22,11,26,1,0.215
22,11,27,1,0.31
22,11,28,1,0.28
22,11,29,1,0.295
22,11,30,1,0.245
22,11,31,1,0.24
22,11,32,1,0.58
22,11,33,1,0.265
22,11,34,1,0.26
22,11,35,1,0.55
22,11,36,1,0.245
22,11,37,1,0.27
22,11,38,1,0.275
22,11,39,1,0.23
22,11,40,1,0.205
22,11,41,1,0.315
22,11,42,1,0.205
22,11,43,1,0.225
22,11,44,1,0.26
22,11,45,1,0.295
22,11,46,1,0.205
22,11,1,2,0.505
22,11,2,2,0.325
22,11,3,2,0.205
22,11,4,2,0.76
22,11,5,2,0.27
22,11,6,2,0.205
22,11,7,2,0.205
22,11,8,2,0.205
22,11,9,2,0.205
22,11,10,2,0.26
22,11,11,2,0.24
22,11,12,2,0.28
22,11,13,2,0.495
22,11,14,2,0.245
22,11,15,2,0.285
22,11,16,2,0.545
22,11,17,2,0.31
22,11,18,2,0.23
22,11,19,2,0.345
22,11,20,2,0.255
22,11,21,2,0.205
22,11,22,2,0.325
22,11,23,2,0.205
22,11,24,2,0.28
22,11,25,2,0.28
22,11,26,2,0.245
22,11,27,2,0.295
22,11,28,2,0.625
22,11,29,2,0.51
22,11,30,2,0.27
22,11,31,2,0.205
22,11,32,2,0.71
22,11,33,2,0.26
22,11,34,2,0.205
22,11,35,2,0.205
22,11,36,2,0.34
22,11,37,2,0.275
22,11,38,2,0.24
22,11,39,2,0.23
22,11,40,2,0.5
22,11,41,2,0.24
22,11,42,2,0.27
22,11,43,2,0.54
22,11,44,2,0.235
22,11,45,2,0.25
22,11,46,2,0.295
22,11,47,2,0.205
22,12,1,1,0.285
22,12,2,1,0.305
22,12,3,1,0.245
22,12,4,1,0.205
22,12,5,1,0.31
22,12,6,1,0.54
22,12,7,1,0.23
22,12,8,1,0.285
22,12,9,1,0.535
22,12,10,1,0.28
22,12,11,1,0.245
22,12,12,1,0.255
22,12,13,1,0.215
22,12,14,1,0.205
22,12,15,1,0.205
22,12,16,1,0.205
22,12,17,1,0.225
22,12,18,1,0.245
22,12,19,1,0.265
22,12,20,1,0.295
22,12,21,1,0.205
22,12,22,1,0.34
22,12,23,1,0.545
22,12,24,1,0.22
22,12,25,1,0.255
22,12,26,1,0.69
22,12,27,1,0.255
22,12,28,1,0.205
22,12,29,1,0.205
22,12,30,1,0.205
22,12,31,1,0.24
22,12,32,1,0.275
22,12,33,1,0.235
22,12,34,1,0.295
22,12,35,1,0.615
22,12,36,1,0.245
22,12,37,1,0.28
22,12,38,1,0.57
22,12,39,1,0.24
22,12,40,1,0.29
22,12,41,1,0.25
22,12,42,1,0.25
22,12,43,1,0.205
22,12,44,1,0.205
22,12,45,1,0.205
22,12,46,1,0.245
22,12,47,1,0.295
22,12,48,1,0.27
22,12,49,1,0.285
22,12,1,2,0.47
22,12,2,2,0.305
22,12,3,2,0.205
22,12,4,2,0.62
22,12,5,2,0.235
22,12,6,2,0.235
22,12,7,2,0.205
22,12,8,2,0.305
22,12,9,2,0.245
22,12,10,2,0.24
22,12,11,2,0.255
22,12,12,2,0.515
22,12,13,2,0.23
22,12,14,2,0.265
22,12,15,2,0.585
22,12,16,2,0.26
22,12,17,2,0.285
22,12,18,2,0.275
22,12,19,2,0.315
22,12,20,2,0.205
22,12,21,2,0.425
22,12,22,2,0.295
22,12,23,2,0.26
22,12,24,2,0.22
22,12,25,2,0.28
22,12,26,2,0.605
22,12,27,2,0.525
22,12,28,2,0.375
22,12,29,2,0.205
22,12,30,2,0.57
22,12,31,2,0.275
22,12,32,2,0.205
22,12,33,2,0.285
22,12,34,2,0.27
22,12,35,2,0.265
22,12,36,2,0.295
22,12,37,2,0.24
22,12,38,2,0.475
22,12,39,2,0.25
22,12,40,2,0.275
22,12,41,2,0.575
22,12,42,2,0.275
22,12,43,2,0.275
22,12,44,2,0.325
22,12,45,2,0.27
22,12,46,2,0.205
22,13,1,1,0.245
22,13,2,1,0.24
22,13,3,1,0.225
22,13,4,1,0.205
22,13,5,1,0.295
22,13,6,1,0.22
22,13,7,1,0.205
22,13,8,1,0.25
22,13,9,1,0.24
22,13,10,1,0.22
22,13,11,1,0.25
22,13,12,1,0.255
22,13,13,1,0.205
22,13,14,1,0.255
22,13,15,1,0.31
22,13,16,1,0.245
22,13,17,1,0.235
22,13,18,1,0.23
22,13,19,1,0.24
22,13,20,1,0.255
22,13,21,1,0.23
22,13,22,1,0.255
22,13,23,1,0.255
22,13,24,1,0.5
22,13,25,1,0.5
22,13,26,1,0.575
22,13,27,1,0.24
22,13,28,1,0.22
22,13,29,1,0.225
22,13,30,1,0.205
22,13,31,1,0.205
22,13,32,1,0.21
22,13,33,1,0.205
22,13,34,1,0.21
22,13,35,1,0.205
22,13,36,1,0.245
22,13,37,1,0.715
22,13,38,1,0.255
22,13,39,1,0.225
22,13,40,1,0.205
22,13,41,1,0.24
22,13,42,1,0.22
22,13,43,1,0.23
22,13,44,1,0.25
22,13,45,1,0.245
22,13,46,1,0.225
22,13,47,1,0.255
22,13,48,1,0.81
22,13,49,1,0.23
22,13,50,1,0.225
22,13,51,1,0.205
22,13,52,1,0.21
22,13,53,1,0.205
22,13,54,1,0.24
22,13,1,2,0.21
22,13,2,2,0.215
22,13,3,2,0.235
22,13,4,2,0.255
22,13,5,2,0.225
22,13,6,2,0.205
22,13,7,2,0.215
22,13,8,2,0.23
22,13,9,2,0.21
22,13,10,2,0.205
22,13,11,2,0.205
22,13,12,2,0.205
22,13,13,2,0.205
22,13,14,2,0.31
22,13,15,2,0.205
22,13,16,2,0.205
22,13,17,2,0.205
22,13,18,2,0.205
22,13,19,2,0.205
22,13,20,2,0.205
22,13,21,2,0.205
22,13,22,2,0.22
22,13,23,2,0.21
22,13,24,2,0.23
22,13,25,2,0.22
22,13,26,2,0.495
22,13,27,2,0.525
22,13,28,2,0.585
22,13,29,2,0.215
22,13,30,2,0.25
22,13,31,2,0.22
22,13,32,2,0.21
22,13,33,2,0.255
22,13,34,2,0.215
22,13,35,2,0.215
22,13,36,2,0.205
22,13,37,2,0.205
22,13,38,2,0.205
22,13,39,2,0.245
22,13,40,2,1.055
22,13,41,2,0.255
22,13,42,2,0.23
22,13,43,2,0.21
22,13,44,2,0.205
22,13,45,2,0.205
22,13,46,2,0.205
22,13,47,2,0.27
22,13,48,2,0.225
22,13,49,2,0.205
22,13,50,2,0.24
22,13,51,2,0.295
22,13,52,2,0.285
22,13,53,2,0.805
22,13,54,2,0.255
22,14,1,1,0.205
22,14,2,1,0.23
22,14,3,1,0.255
22,14,4,1,0.265
22,14,5,1,0.275
22,14,6,1,0.62
22,14,7,1,0.565
22,14,8,1,0.495
22,14,9,1,0.305
22,14,10,1,0.8
22,14,11,1,0.45
22,14,12,1,0.22
22,14,13,1,0.24
22,14,14,1,0.245
22,14,15,1,0.29
22,14,16,1,0.355
22,14,17,1,0.56
22,14,18,1,0.27
22,14,19,1,0.295
22,14,20,1,0.67
22,14,21,1,0.31
22,14,22,1,0.3
22,14,23,1,0.64
22,14,24,1,0.38
22,14,25,1,0.205
22,14,26,1,0.235
22,14,27,1,0.27
22,14,28,1,0.275
22,14,29,1,0.285
22,14,30,1,0.565
22,14,31,1,0.58
22,14,32,1,0.565
22,14,33,1,0.295
22,14,34,1,0.685
22,14,35,1,0.255
22,14,36,1,0.235
22,14,37,1,0.235
22,14,38,1,0.22
22,14,39,1,0.285
22,14,1,2,0.57
22,14,2,2,0.28
22,14,3,2,0.27
22,14,4,2,0.535
22,14,5,2,0.255
22,14,6,2,0.31
22,14,7,2,0.495
22,14,8,2,0.22
22,14,9,2,0.225
22,14,10,2,0.24
22,14,11,2,0.22
22,14,12,2,0.27
22,14,13,2,0.265
22,14,14,2,0.6
22,14,15,2,0.615
22,14,16,2,0.5
22,14,17,2,0.31
22,14,18,2,0.74
22,14,19,2,0.35
22,14,20,2,0.205
22,14,21,2,0.27
22,14,22,2,0.27
22,14,23,2,0.26
22,14,24,2,0.275
22,14,25,2,0.475
22,14,26,2,0.265
22,14,27,2,0.285
22,14,28,2,0.57
22,14,29,2,0.315
22,14,30,2,0.29
22,14,31,2,0.605
22,14,32,2,0.38
22,14,33,2,0.205
22,14,34,2,0.3
22,14,35,2,0.335
22,14,36,2,0.255
22,14,37,2,0.285
22,14,38,2,0.61
22,14,39,2,0.535
22,14,40,2,0.51
22,15,1,1,0.47
22,15,2,1,0.39
22,15,3,1,0.375
22,15,4,1,0.535
22,15,5,1,0.23
22,15,6,1,0.3
22,15,7,1,0.36
22,15,8,1,0.605
22,15,9,1,0.205
22,15,10,1,0.4
22,15,11,1,0.365
22,15,12,1,0.615
22,15,13,1,0.205
22,15,14,1,0.39
22,15,15,1,0.35
22,15,16,1,0.68
22,15,17,1,0.385
22,15,18,1,0.355
22,15,19,1,0.535
22,15,20,1,0.205
22,15,21,1,0.29
22,15,22,1,0.33
22,15,23,1,0.41
22,15,24,1,0.4
22,15,25,1,0.365
22,15,26,1,0.35
22,15,27,1,0.335
22,15,28,1,0.36
22,15,29,1,0.78
22,15,30,1,0.355
22,15,31,1,0.35
22,15,32,1,0.46
22,15,33,1,0.205
22,15,34,1,0.265
22,15,35,1,0.315
22,15,36,1,0.225
22,15,37,1,0.51
22,15,38,1,0.365
22,15,1,2,0.675
22,15,2,2,0.205
22,15,3,2,0.34
22,15,4,2,0.335
22,15,5,2,0.31
22,15,6,2,0.205
22,15,7,2,0.475
22,15,8,2,0.345
22,15,9,2,0.495
22,15,10,2,0.205
22,15,11,2,0.285
22,15,12,2,0.29
22,15,13,2,0.715
22,15,14,2,0.375
22,15,15,2,0.35
22,15,16,2,0.365
22,15,17,2,0.33
22,15,18,2,1.005
22,15,19,2,0.355
22,15,20,2,0.28
22,15,21,2,0.285
22,15,22,2,0.36
22,15,23,2,0.5
22,15,24,2,0.225
22,15,25,2,0.315
22,15,26,2,0.38
22,15,27,2,0.625
22,15,28,2,0.35
22,15,29,2,0.28
22,15,30,2,0.505
22,15,31,2,0.205
22,15,32,2,0.3
22,15,33,2,0.335
22,15,34,2,0.795
22,15,35,2,0.385
22,15,36,2,0.36
22,15,37,2,0.53
22,15,38,2,0.205
22,16,1,1,0.22
22,16,2,1,0.23
22,16,3,1,0.21
22,16,4,1,0.22
22,16,5,1,0.25
22,16,6,1,0.205
22,16,7,1,0.25
22,16,8,1,0.53
22,16,9,1,0.46
22,16,10,1,0.455
22,16,11,1,0.215
22,16,12,1,0.235
22,16,13,1,0.24
22,16,14,1,0.255
22,16,15,1,0.24
22,16,16,1,0.22
22,16,17,1,0.215
22,16,18,1,0.215
22,16,19,1,0.25
22,16,20,1,0.205
22,16,21,1,0.245
22,16,22,1,0.53
22,16,23,1,0.415
22,16,24,1,0.43
22,16,25,1,0.25
22,16,26,1,0.24
22,16,27,1,0.21
22,16,28,1,0.235
22,16,29,1,0.23
22,16,30,1,0.315
22,16,31,1,0.28
22,16,32,1,0.24
22,16,33,1,0.205
22,16,34,1,0.24
22,16,35,1,0.23
22,16,36,1,0.265
22,16,37,1,0.235
22,16,38,1,0.24
22,16,39,1,0.24
22,16,40,1,0.205
22,16,41,1,0.26
22,16,42,1,0.205
22,16,43,1,0.205
22,16,44,1,0.205
22,16,45,1,0.205
22,16,46,1,0.215
22,16,47,1,0.23
22,16,48,1,0.205
22,16,49,1,0.205
22,16,50,1,0.205
22,16,51,1,0.515
22,16,52,1,0.5
22,16,53,1,0.515
22,16,1,2,0.22
22,16,2,2,0.21
22,16,3,2,0.31
22,16,4,2,0.215
22,16,5,2,0.22
22,16,6,2,0.205
22,16,7,2,0.205
22,16,8,2,0.315
22,16,9,2,0.205
22,16,10,2,0.515
22,16,11,2,0.51
22,16,12,2,0.485
22,16,13,2,0.225
22,16,14,2,0.235
22,16,15,2,0.24
22,16,16,2,0.23
22,16,17,2,0.215
22,16,18,2,0.235
22,16,19,2,0.26
22,16,20,2,0.215
22,16,21,2,0.26
22,16,22,2,0.295
22,16,23,2,0.52
22,16,24,2,0.475
22,16,25,2,0.44
22,16,26,2,0.205
22,16,27,2,0.23
22,16,28,2,0.22
22,16,29,2,0.28
22,16,30,2,0.27
22,16,31,2,0.24
22,16,32,2,0.34
22,16,33,2,0.225
22,16,34,2,0.22
22,16,35,2,0.235
22,16,36,2,0.275
22,16,37,2,0.205
22,16,38,2,0.235
22,16,39,2,0.215
22,16,40,2,0.22
22,16,41,2,0.285
22,16,42,2,0.24
22,16,43,2,0.205
22,16,44,2,0.205
22,16,45,2,0.205
22,16,46,2,0.215
22,16,47,2,0.205
22,16,48,2,0.205
22,16,49,2,0.205
22,16,50,2,0.205
22,16,51,2,0.205
22,16,52,2,0.26
22,16,53,2,0.4
22,16,54,2,0.5
22,17,1,1,0.205
22,17,2,1,0.205
22,17,3,1,0.38
22,17,4,1,0.245
22,17,5,1,0.205
22,17,6,1,0.205
22,17,7,1,0.32
22,17,8,1,0.56
22,17,9,1,0.205
22,17,10,1,0.205
22,17,11,1,0.205
22,17,12,1,0.35
22,17,13,1,0.235
22,17,14,1,0.205
22,17,15,1,0.205
22,17,16,1,0.205
22,17,17,1,0.325
22,17,18,1,0.32
22,17,19,1,0.315
22,17,20,1,0.35
22,17,21,1,0.36
22,17,22,1,0.305
22,17,23,1,0.205
22,17,24,1,0.225
22,17,25,1,0.325
22,17,26,1,0.205
22,17,27,1,0.335
22,17,28,1,0.27
22,17,29,1,0.25
22,17,30,1,0.205
22,17,31,1,0.205
22,17,32,1,0.27
22,17,33,1,0.205
22,17,34,1,0.205
22,17,35,1,0.205
22,17,36,1,0.305
22,17,37,1,0.335
22,17,38,1,0.335
22,17,39,1,0.465
22,17,40,1,0.22
22,17,41,1,0.295
22,17,42,1,0.245
22,17,43,1,0.235
22,17,44,1,0.205
22,17,45,1,0.32
22,17,46,1,0.34
22,17,47,1,0.31
22,17,48,1,0.205
22,17,49,1,0.255
22,17,50,1,0.36
22,17,51,1,0.205
22,17,52,1,0.335
22,17,53,1,0.28
22,17,1,2,0.205
22,17,2,2,0.205
22,17,3,2,0.315
22,17,4,2,0.205
22,17,5,2,0.205
22,17,6,2,0.305
22,17,7,2,0.32
22,17,8,2,0.345
22,17,9,2,0.295
22,17,10,2,0.645
22,17,11,2,0.425
22,17,12,2,0.335
22,17,13,2,0.36
22,17,14,2,0.41
22,17,15,2,0.355
22,17,16,2,0.32
22,17,17,2,0.22
22,17,18,2,0.305
22,17,19,2,0.295
22,17,20,2,0.315
22,17,21,2,0.51
22,17,22,2,0.205
22,17,23,2,0.365
22,17,24,2,0.345
22,17,25,2,0.325
22,17,26,2,0.31
22,17,27,2,0.47
22,17,28,2,0.205
22,17,29,2,0.4
22,17,30,2,0.33
22,17,31,2,0.205
22,17,32,2,0.205
22,17,33,2,0.205
22,17,34,2,0.23
22,17,35,2,0.205
22,17,36,2,0.205
22,17,37,2,0.315
22,17,38,2,0.525
22,17,39,2,0.255
22,17,40,2,0.205
22,17,41,2,0.205
22,17,42,2,0.205
22,17,43,2,0.33
22,17,44,2,0.375
22,17,45,2,0.25
22,17,46,2,0.205
22,17,47,2,0.205
22,17,48,2,0.205
22,18,1,1,0.265
22,18,2,1,0.285
22,18,3,1,0.27
22,18,4,1,0.255
22,18,5,1,0.27
22,18,6,1,0.5
22,18,7,1,0.535
22,18,8,1,0.515
22,18,9,1,0.305
22,18,10,1,0.62
22,18,11,1,0.315
22,18,12,1,0.205
22,18,13,1,0.26
22,18,14,1,0.245
22,18,15,1,0.255
22,18,16,1,0.285
22,18,17,1,0.525
22,18,18,1,0.26
22,18,19,1,0.28
22,18,20,1,0.54
22,18,21,1,0.265
22,18,22,1,0.28
22,18,23,1,0.58
22,18,24,1,0.33
22,18,25,1,0.205
22,18,26,1,0.27
22,18,27,1,0.265
22,18,28,1,0.28
22,18,29,1,0.295
22,18,30,1,0.56
22,18,31,1,0.505
22,18,32,1,0.47
22,18,33,1,0.305
22,18,34,1,0.89
22,18,35,1,0.25
22,18,36,1,0.285
22,18,37,1,0.27
22,18,38,1,0.265
22,18,39,1,0.245
22,18,40,1,0.28
22,18,1,2,0.29
22,18,2,2,0.55
22,18,3,2,0.315
22,18,4,2,0.27
22,18,5,2,0.55
22,18,6,2,0.28
22,18,7,2,0.25
22,18,8,2,0.28
22,18,9,2,0.27
22,18,10,2,0.27
22,18,11,2,0.26
22,18,12,2,0.565
22,18,13,2,0.525
22,18,14,2,0.45
22,18,15,2,0.29
22,18,16,2,0.715
22,18,17,2,0.35
22,18,18,2,0.205
22,18,19,2,0.24
22,18,20,2,0.255
22,18,21,2,0.21
22,18,22,2,0.26
22,18,23,2,0.495
22,18,24,2,0.23
22,18,25,2,0.24
22,18,26,2,0.205
22,18,27,2,0.51
22,18,28,2,0.24
22,18,29,2,0.245
22,18,30,2,0.565
22,18,31,2,0.36
22,18,32,2,0.205
22,18,33,2,0.285
22,18,34,2,0.28
22,18,35,2,0.235
22,18,36,2,0.275
22,18,37,2,0.58
22,18,38,2,0.555
22,18,39,2,0.585
22,18,40,2,0.27
22,18,41,2,0.785
22,19,1,1,0.265
22,19,2,1,0.205
22,19,3,1,0.205
22,19,4,1,0.31
22,19,5,1,0.205
22,19,6,1,0.205
22,19,7,1,0.325
22,19,8,1,0.52
22,19,9,1,0.26
22,19,10,1,0.205
22,19,11,1,0.205
22,19,12,1,0.205
22,19,13,1,0.205
22,19,14,1,0.205
22,19,15,1,0.21
22,19,16,1,0.205
22,19,17,1,0.23
22,19,18,1,0.205
22,19,19,1,0.205
22,19,20,1,0.36
22,19,21,1,0.47
22,19,22,1,0.205
22,19,23,1,0.205
22,19,24,1,0.3
22,19,25,1,0.4
22,19,26,1,0.37
22,19,27,1,0.31
22,19,28,1,0.205
22,19,29,1,0.32
22,19,30,1,0.275
22,19,31,1,0.205
22,19,32,1,0.205
22,19,33,1,0.49
22,19,34,1,0.21
22,19,35,1,0.205
22,19,36,1,0.205
22,19,37,1,0.295
22,19,38,1,0.205
22,19,39,1,0.205
22,19,40,1,0.315
22,19,41,1,0.43
22,19,42,1,0.325
22,19,43,1,0.205
22,19,44,1,0.405
22,19,45,1,0.255
22,19,46,1,0.205
22,19,47,1,0.53
22,19,48,1,0.205
22,19,49,1,0.285
22,19,50,1,0.23
22,19,51,1,0.51
22,19,52,1,0.205
22,19,53,1,0.205
22,19,1,2,0.22
22,19,2,2,0.385
22,19,3,2,0.205
22,19,4,2,0.205
22,19,5,2,0.275
22,19,6,2,0.205
22,19,7,2,0.22
22,19,8,2,0.285
22,19,9,2,0.47
22,19,10,2,0.295
22,19,11,2,0.205
22,19,12,2,0.305
22,19,13,2,0.34
22,19,14,2,0.4
22,19,15,2,0.38
22,19,16,2,0.205
22,19,17,2,0.325
22,19,18,2,0.365
22,19,19,2,0.205
22,19,20,2,0.205
22,19,21,2,0.485
22,19,22,2,0.215
22,19,23,2,0.205
22,19,24,2,0.205
22,19,25,2,0.28
22,19,26,2,0.215
22,19,27,2,0.205
22,19,28,2,0.205
22,19,29,2,0.33
22,19,30,2,0.34
22,19,31,2,0.205
22,19,32,2,0.205
22,19,33,2,0.505
22,19,34,2,0.24
22,19,35,2,0.205
22,19,36,2,0.205
22,19,37,2,0.28
22,19,38,2,0.205
22,19,39,2,0.205
22,19,40,2,0.205
22,19,41,2,0.215
22,19,42,2,0.555
22,19,43,2,0.205
22,19,44,2,0.21
22,19,45,2,0.205
22,19,46,2,0.225
22,19,47,2,0.205
22,19,48,2,0.35
22,19,49,2,0.205
22,19,50,2,0.215
22,19,51,2,0.205
22,19,52,2,0.265
22,19,53,2,0.21
22,19,54,2,0.255
22,20,1,1,0.205
22,20,2,1,0.205
22,20,3,1,0.235
22,20,4,1,0.24
22,20,5,1,0.27
22,20,6,1,0.25
22,20,7,1,0.525
22,20,8,1,0.205
22,20,9,1,0.305
22,20,10,1,0.435
22,20,11,1,0.21
22,20,12,1,0.235
22,20,13,1,0.33
22,20,14,1,0.23
22,20,15,1,0.205
22,20,16,1,0.215
22,20,17,1,0.245
22,20,18,1,0.205
22,20,19,1,0.235
22,20,20,1,0.24
22,20,21,1,0.245
22,20,22,1,0.555
22,20,23,1,0.46
22,20,24,1,0.39
22,20,25,1,0.205
22,20,26,1,0.705
22,20,27,1,0.275
22,20,28,1,0.24
22,20,29,1,0.24
22,20,30,1,0.28
22,20,31,1,0.25
22,20,32,1,0.22
22,20,33,1,0.28
22,20,34,1,0.485
22,20,35,1,0.27
22,20,36,1,0.24
22,20,37,1,0.51
22,20,38,1,0.24
22,20,39,1,0.23
22,20,40,1,0.3
22,20,41,1,0.22
22,20,42,1,0.205
22,20,43,1,0.205
22,20,44,1,0.205
22,20,45,1,0.235
22,20,46,1,0.255
22,20,47,1,0.215
22,20,48,1,0.31
22,20,49,1,0.63
22,20,1,2,0.29
22,20,2,2,0.835
22,20,3,2,0.215
22,20,4,2,0.23
22,20,5,2,0.21
22,20,6,2,0.31
22,20,7,2,0.215
22,20,8,2,0.215
22,20,9,2,0.245
22,20,10,2,0.455
22,20,11,2,0.225
22,20,12,2,0.215
22,20,13,2,0.365
22,20,14,2,0.25
22,20,15,2,0.205
22,20,16,2,0.205
22,20,17,2,0.23
22,20,18,2,0.22
22,20,19,2,0.215
22,20,20,2,0.205
22,20,21,2,0.22
22,20,22,2,0.28
22,20,23,2,0.255
22,20,24,2,0.255
22,20,25,2,0.28
22,20,26,2,0.245
22,20,27,2,0.32
22,20,28,2,0.495
22,20,29,2,0.365
22,20,30,2,0.205
22,20,31,2,0.725
22,20,32,2,0.315
22,20,33,2,0.465
22,20,34,2,0.26
22,20,35,2,0.23
22,20,36,2,0.23
22,20,37,2,0.24
22,20,38,2,0.55
22,20,39,2,0.23
22,20,40,2,0.26
22,20,41,2,0.525
22,20,42,2,0.295
22,20,43,2,0.245
22,20,44,2,0.285
22,20,45,2,0.215
22,20,46,2,0.205
22,20,47,2,0.205
22,20,48,2,0.23
22,20,49,2,0.215
22,20,50,2,0.27
22,20,51,2,0.225
22,21,1,1,0.21
22,21,2,1,0.205
22,21,3,1,0.23
22,21,4,1,0.315
22,21,5,1,0.205
22,21,6,1,0.205
22,21,7,1,0.205
22,21,8,1,0.23
22,21,9,1,0.47
22,21,10,1,0.37
22,21,11,1,0.475
22,21,12,1,0.23
22,21,13,1,0.205
22,21,14,1,0.205
22,21,15,1,0.205
22,21,16,1,0.205
22,21,17,1,0.205
22,21,18,1,0.315
22,21,19,1,0.205
22,21,20,1,0.235
22,21,21,1,0.3
22,21,22,1,0.215
22,21,23,1,0.465
22,21,24,1,0.5
22,21,25,1,0.46
22,21,26,1,0.225
22,21,27,1,0.215
22,21,28,1,0.205
22,21,29,1,0.205
22,21,30,1,0.205
22,21,31,1,0.205
22,21,32,1,0.205
22,21,33,1,0.205
22,21,34,1,0.3
22,21,35,1,0.205
22,21,36,1,0.215
22,21,37,1,0.205
22,21,38,1,0.225
22,21,39,1,0.285
22,21,40,1,0.225
22,21,41,1,0.23
22,21,42,1,0.21
22,21,43,1,0.28
22,21,44,1,0.245
22,21,45,1,0.265
22,21,46,1,0.27
22,21,47,1,0.205
22,21,48,1,0.205
22,21,49,1,0.205
22,21,50,1,0.285
22,21,51,1,0.235
22,21,52,1,0.24
22,21,53,1,0.225
22,21,54,1,0.525
22,21,55,1,0.535
22,21,1,2,0.255
22,21,2,2,0.24
22,21,3,2,0.23
22,21,4,2,0.28
22,21,5,2,0.255
22,21,6,2,0.22
22,21,7,2,0.215
22,21,8,2,0.27
22,21,9,2,0.455
22,21,10,2,0.215
22,21,11,2,0.27
22,21,12,2,0.59
22,21,13,2,0.515
22,21,14,2,0.525
22,21,15,2,0.28
22,21,16,2,0.205
22,21,17,2,0.255
22,21,18,2,0.255
22,21,19,2,0.24
22,21,20,2,0.265
22,21,21,2,0.205
22,21,22,2,0.255
22,21,23,2,0.205
22,21,24,2,0.25
22,21,25,2,0.5
22,21,26,2,0.5
22,21,27,2,0.46
22,21,28,2,0.215
22,21,29,2,0.21
22,21,30,2,0.205
22,21,31,2,0.205
22,21,32,2,0.205
22,21,33,2,0.205
22,21,34,2,0.21
22,21,35,2,0.29
22,21,36,2,0.215
22,21,37,2,0.215
22,21,38,2,0.215
22,21,39,2,0.215
22,21,40,2,0.28
22,21,41,2,0.255
22,21,42,2,0.285
22,21,43,2,0.205
22,21,44,2,0.205
22,21,45,2,0.31
22,21,46,2,0.29
22,21,47,2,0.35
22,21,48,2,0.225
22,21,49,2,0.22
22,21,50,2,0.205
22,21,51,2,0.22
22,21,52,2,0.205
22,21,53,2,0.205
22,22,1,1,0.24
22,22,2,1,0.24
22,22,3,1,0.235
22,22,4,1,0.255
22,22,5,1,0.245
22,22,6,1,0.205
22,22,7,1,0.265
22,22,8,1,0.24
22,22,9,1,0.49
22,22,10,1,0.48
22,22,11,1,0.515
22,22,12,1,0.225
22,22,13,1,0.245
22,22,14,1,0.25
22,22,15,1,0.275
22,22,16,1,0.28
22,22,17,1,0.28
22,22,18,1,0.235
22,22,19,1,0.235
22,22,20,1,0.235
22,22,21,1,0.25
22,22,22,1,0.46
22,22,23,1,0.465
22,22,24,1,0.485
22,22,25,1,0.23
22,22,26,1,0.265
22,22,27,1,0.255
22,22,28,1,0.22
22,22,29,1,0.225
22,22,30,1,0.28
22,22,31,1,0.31
22,22,32,1,0.22
22,22,33,1,0.205
22,22,34,1,0.23
22,22,35,1,0.25
22,22,36,1,0.23
22,22,37,1,0.24
22,22,38,1,0.235
22,22,39,1,0.205
22,22,40,1,0.255
22,22,41,1,0.23
22,22,42,1,0.245
22,22,43,1,0.245
22,22,44,1,0.29
22,22,45,1,0.22
22,22,46,1,0.255
22,22,47,1,0.245
22,22,48,1,0.225
22,22,49,1,0.205
22,22,50,1,0.215
22,22,51,1,0.24
22,22,52,1,0.5
22,22,1,2,0.525
22,22,2,2,0.25
22,22,3,2,0.205
22,22,4,2,0.225
22,22,5,2,0.265
22,22,6,2,0.245
22,22,7,2,0.255
22,22,8,2,0.205
22,22,9,2,0.205
22,22,10,2,0.205
22,22,11,2,0.205
22,22,12,2,0.205
22,22,13,2,0.205
22,22,14,2,0.235
22,22,15,2,0.495
22,22,16,2,0.455
22,22,17,2,0.495
22,22,18,2,0.245
22,22,19,2,0.225
22,22,20,2,0.23
22,22,21,2,0.26
22,22,22,2,0.225
22,22,23,2,0.27
22,22,24,2,0.205
22,22,25,2,0.22
22,22,26,2,0.23
22,22,27,2,0.21
22,22,28,2,0.205
22,22,29,2,0.205
22,22,30,2,0.505
22,22,31,2,0.435
22,22,32,2,0.44
22,22,33,2,0.24
22,22,34,2,0.235
22,22,35,2,0.25
22,22,36,2,0.22
22,22,37,2,0.25
22,22,38,2,0.26
22,22,39,2,0.225
22,22,40,2,0.51
22,22,41,2,0.39
22,22,42,2,0.315
22,22,43,2,0.235
22,22,44,2,0.215
22,22,45,2,0.29
22,22,46,2,0.255
22,22,47,2,0.295
22,22,48,2,0.27
22,22,49,2,0.255
22,22,50,2,0.265
22,22,51,2,0.245
22,22,52,2,0.27
22,22,53,2,0.28
22,23,1,1,0.23
22,23,2,1,0.37
22,23,3,1,0.26
22,23,4,1,0.24
22,23,5,1,0.255
22,23,6,1,0.5
22,23,7,1,0.255
22,23,8,1,0.27
22,23,9,1,0.46
22,23,10,1,0.295
22,23,11,1,0.255
22,23,12,1,0.34
22,23,13,1,0.225
22,23,14,1,0.205
22,23,15,1,0.205
22,23,16,1,0.205
22,23,17,1,0.25
22,23,18,1,0.265
22,23,19,1,0.27
22,23,20,1,0.23
22,23,21,1,0.245
22,23,22,1,0.535
22,23,23,1,0.485
22,23,24,1,0.27
22,23,25,1,0.205
22,23,26,1,0.575
22,23,27,1,0.335
22,23,28,1,0.22
22,23,29,1,0.24
22,23,30,1,0.22
22,23,31,1,0.265
22,23,32,1,0.255
22,23,33,1,0.235
22,23,34,1,0.205
22,23,35,1,0.22
22,23,36,1,0.49
22,23,37,1,0.25
22,23,38,1,0.215
22,23,39,1,0.54
22,23,40,1,0.265
22,23,41,1,0.23
22,23,42,1,0.295
22,23,43,1,0.27
22,23,44,1,0.205
22,23,45,1,0.205
22,23,46,1,0.22
22,23,47,1,0.23
22,23,48,1,0.295
22,23,49,1,0.27
22,23,50,1,0.285
22,23,51,1,0.27
22,23,1,2,0.57
22,23,2,2,0.605
22,23,3,2,0.35
22,23,4,2,0.205
22,23,5,2,0.655
22,23,6,2,0.29
22,23,7,2,0.305
22,23,8,2,0.26
22,23,9,2,0.29
22,23,10,2,0.27
22,23,11,2,0.26
22,23,12,2,0.255
22,23,13,2,0.525
22,23,14,2,0.27
22,23,15,2,0.29
22,23,16,2,0.55
22,23,17,2,0.26
22,23,18,2,0.295
22,23,19,2,0.31
22,23,20,2,0.29
22,23,21,2,0.205
22,23,22,2,0.205
22,23,23,2,0.205
22,23,24,2,0.26
22,23,25,2,0.32
22,23,26,2,0.265
22,23,27,2,0.3
22,23,28,2,0.335
22,23,29,2,0.58
22,23,30,2,0.535
22,23,31,2,0.35
22,23,32,2,0.66
22,23,33,2,0.24
22,23,34,2,0.23
22,23,35,2,0.305
22,23,36,2,0.35
22,23,37,2,0.285
22,23,38,2,0.255
22,23,39,2,0.265
22,23,40,2,0.53
22,23,41,2,0.23
22,23,42,2,0.245
22,23,43,2,0.59
22,24,1,1,0.44
22,24,2,1,0.27
22,24,3,1,0.325
22,24,4,1,0.28
22,24,5,1,0.355
22,24,6,1,0.365
22,24,7,1,0.335
22,24,8,1,0.48
22,24,9,1,0.205
22,24,10,1,0.22
22,24,11,1,0.265
22,24,12,1,2.39
22,24,13,1,0.29
22,24,14,1,0.335
22,24,15,1,0.355
22,24,16,1,0.44
22,24,17,1,0.82
22,24,18,1,0.32
22,24,19,1,0.32
22,24,20,1,0.26
22,24,21,1,0.36
22,24,22,1,0.395
22,24,23,1,0.31
22,24,24,1,0.24
22,24,25,1,0.205
22,24,26,1,0.57
22,24,27,1,0.27
22,24,28,1,0.275
22,24,29,1,0.205
22,24,30,1,0.27
22,24,31,1,0.32
22,24,32,1,0.98
22,24,33,1,0.415
22,24,34,1,0.27
22,24,35,1,0.305
22,24,1,2,0.295
22,24,2,2,0.445
22,24,3,2,0.205
22,24,4,2,0.215
22,24,5,2,0.35
22,24,6,2,2.395
22,24,7,2,0.325
22,24,8,2,0.3
22,24,9,2,0.365
22,24,10,2,0.48
22,24,11,2,1.04
22,24,12,2,0.285
22,24,13,2,0.335
22,24,14,2,0.3
22,24,15,2,0.35
22,24,16,2,0.395
22,24,17,2,0.265
22,24,18,2,0.285
22,24,19,2,0.295
22,24,20,2,0.215
22,24,21,2,0.66
22,24,22,2,0.31
22,24,23,2,0.285
22,24,24,2,0.205
22,24,25,2,0.305
22,24,26,2,0.34
22,24,27,2,1.435
22,24,28,2,0.325
22,24,29,2,0.325
22,24,30,2,0.355
22,24,31,2,0.315
22,24,32,2,0.43
