8,0,1,1,0.72
8,0,2,1,0.385
8,0,3,1,0.355
8,0,4,1,0.87
8,0,5,1,0.635
8,0,6,1,0.31
8,0,7,1,0.415
8,0,8,1,0.74
8,0,9,1,0.675
8,0,10,1,0.74
8,0,11,1,0.745
8,0,12,1,0.7
8,0,13,1,0.635
8,0,14,1,0.75
8,0,15,1,0.675
8,0,16,1,1
8,0,17,1,0.855
8,0,18,1,1.205
8,0,19,1,0.7
8,0,1,2,3.315
8,0,2,2,0.885
8,0,3,2,0.34
8,0,4,2,0.83
8,0,5,2,0.35
8,0,6,2,0.385
8,0,7,2,0.785
8,0,8,2,0.755
8,0,9,2,0.38
8,0,10,2,0.79
8,0,11,2,0.83
8,0,12,2,0.875
8,1,1,1,0.47
8,1,2,1,0.31
8,1,3,1,0.205
8,1,4,1,0.35
8,1,5,1,0.205
8,1,6,1,0.205
8,1,7,1,0.45
8,1,8,1,0.205
8,1,9,1,0.275
8,1,10,1,0.205
8,1,11,1,0.535
8,1,12,1,0.205
8,1,13,1,0.205
8,1,14,1,0.61
8,1,15,1,0.205
8,1,16,1,0.235
8,1,17,1,0.515
8,1,18,1,0.21
8,1,19,1,0.205
8,1,20,1,0.255
8,1,21,1,0.66
8,1,22,1,0.31
8,1,23,1,0.415
8,1,24,1,0.38
8,1,25,1,0.465
8,1,26,1,0.475
8,1,27,1,0.345
8,1,28,1,0.405
8,1,29,1,0.725
8,1,30,1,0.205
8,1,31,1,0.245
8,1,32,1,0.205
8,1,33,1,0.365
8,1,34,1,0.32
8,1,35,1,0.205
8,1,36,1,0.575
8,1,37,1,0.205
8,1,38,1,0.205
8,1,39,1,0.265
8,1,40,1,0.575
8,1,41,1,0.205
8,1,42,1,0.245
8,1,1,2,0.205
8,1,2,2,0.58
8,1,3,2,0.24
8,1,4,2,0.215
8,1,5,2,0.31
8,1,6,2,0.78
8,1,7,2,0.205
8,1,8,2,0.28
8,1,9,2,0.205
8,1,10,2,0.585
8,1,11,2,0.3
8,1,12,2,0.3
8,1,13,2,0.57
8,1,14,2,0.255
8,1,15,2,0.21
8,1,16,2,0.24
8,1,17,2,0.665
8,1,18,2,0.205
8,1,19,2,0.415
8,1,20,2,0.44
8,1,21,2,0.39
8,1,22,2,0.46
8,1,23,2,0.405
8,1,24,2,0.425
8,1,25,2,0.53
8,1,26,2,0.205
8,1,27,2,0.595
8,1,28,2,0.275
8,1,29,2,0.205
8,1,30,2,0.225
8,1,31,2,0.595
8,1,32,2,0.205
8,1,33,2,0.205
8,1,34,2,0.56
8,1,35,2,0.205
8,1,36,2,0.21
8,1,37,2,0.23
8,1,38,2,0.305
8,1,39,2,0.68
8,1,40,2,0.205
8,1,41,2,0.25
8,2,1,1,0.455
8,2,2,1,0.335
8,2,3,1,0.355
8,2,4,1,0.53
8,2,5,1,0.205
8,2,6,1,0.62
8,2,7,1,0.27
8,2,8,1,0.25
8,2,9,1,0.54
8,2,10,1,0.23
8,2,11,1,0.215
8,2,12,1,0.685
8,2,13,1,0.34
8,2,14,1,0.205
8,2,15,1,0.32
8,2,16,1,0.33
8,2,17,1,0.525
8,2,18,1,0.255
8,2,19,1,0.515
8,2,20,1,0.52
8,2,21,1,0.475
8,2,22,1,0.205
8,2,23,1,1.055
8,2,24,1,0.205
8,2,25,1,0.27
8,2,26,1,0.265
8,2,27,1,0.26
8,2,28,1,0.45
8,2,29,1,0.4
8,2,30,1,0.26
8,2,31,1,0.29
8,2,32,1,0.57
8,2,33,1,0.24
8,2,34,1,0.295
8,2,35,1,0.595
8,2,36,1,0.215
8,2,37,1,0.28
8,2,1,2,0.27
8,2,2,2,0.345
8,2,3,2,0.5
8,2,4,2,0.28
8,2,5,2,0.28
8,2,6,2,0.29
8,2,7,2,0.56
8,2,8,2,0.205
8,2,9,2,0.33
8,2,10,2,0.46
8,2,11,2,0.205
8,2,12,2,0.855
8,2,13,2,0.29
8,2,14,2,0.32
8,2,15,2,0.205
8,2,16,2,0.345
8,2,17,2,0.335
8,2,18,2,0.27
8,2,19,2,0.295
8,2,20,2,0.515
8,2,21,2,0.33
8,2,22,2,0.285
8,2,23,2,0.565
8,2,24,2,0.295
8,2,25,2,0.24
8,2,26,2,0.525
8,2,27,2,0.3
8,2,28,2,0.34
8,2,29,2,0.205
8,2,30,2,0.3
8,2,31,2,0.325
8,2,32,2,0.285
8,2,33,2,0.32
8,2,34,2,0.565
8,2,35,2,0.53
8,2,36,2,0.525
8,2,37,2,0.205
8,2,38,2,0.645
8,2,39,2,0.585
8,3,1,1,0.33
8,3,2,1,0.205
8,3,3,1,0.265
8,3,4,1,0.29
8,3,5,1,0.36
8,3,6,1,0.205
8,3,7,1,0.52
8,3,8,1,0.495
8,3,9,1,0.555
8,3,10,1,0.285
8,3,11,1,0.23
8,3,12,1,0.615
8,3,13,1,0.42
8,3,14,1,0.205
8,3,15,1,0.3
8,3,16,1,0.275
8,3,17,1,0.265
8,3,18,1,0.27
8,3,19,1,0.595
8,3,20,1,0.28
8,3,21,1,0.285
8,3,22,1,0.58
8,3,23,1,0.27
8,3,24,1,0.27
8,3,25,1,0.54
8,3,26,1,0.425
8,3,27,1,0.205
8,3,28,1,0.28
8,3,29,1,0.28
8,3,30,1,0.3
8,3,31,1,0.255
8,3,32,1,0.55
8,3,33,1,0.565
8,3,34,1,0.65
8,3,35,1,0.32
8,3,36,1,0.805
8,3,37,1,0.375
8,3,38,1,0.205
8,3,39,1,0.295
8,3,40,1,0.3
8,3,1,2,0.275
8,3,2,2,0.6
8,3,3,2,0.285
8,3,4,2,0.3
8,3,5,2,0.635
8,3,6,2,0.255
8,3,7,2,0.295
8,3,8,2,0.46
8,3,9,2,0.385
8,3,10,2,0.205
8,3,11,2,0.265
8,3,12,2,0.315
8,3,13,2,0.28
8,3,14,2,0.265
8,3,15,2,0.545
8,3,16,2,0.59
8,3,17,2,0.61
8,3,18,2,1.355
8,3,19,2,0.45
8,3,20,2,0.205
8,3,21,2,0.285
8,3,22,2,0.305
8,3,23,2,0.285
8,3,24,2,0.31
8,3,25,2,0.535
8,3,26,2,0.285
8,3,27,2,0.325
8,3,28,2,0.51
8,3,29,2,0.285
8,3,30,2,0.33
8,3,31,2,0.525
8,3,32,2,0.445
8,3,33,2,0.205
8,3,34,2,0.295
8,3,35,2,0.28
8,3,36,2,0.295
8,3,37,2,0.28
8,3,38,2,0.565
8,4,1,1,0.315
8,4,2,1,0.31
8,4,3,1,0.205
8,4,4,1,0.27
8,4,5,1,0.29
8,4,6,1,0.22
8,4,7,1,0.27
8,4,8,1,0.45
8,4,9,1,0.295
8,4,10,1,0.245
8,4,11,1,0.585
8,4,12,1,0.25
8,4,13,1,0.28
8,4,14,1,0.67
8,4,15,1,0.255
8,4,16,1,0.26
8,4,17,1,0.37
8,4,18,1,0.33
8,4,19,1,0.35
8,4,20,1,0.205
8,4,21,1,0.46
8,4,22,1,0.33
8,4,23,1,0.225
8,4,24,1,0.255
8,4,25,1,0.5
8,4,26,1,0.485
8,4,27,1,0.395
8,4,28,1,0.205
8,4,29,1,1.15
8,4,30,1,0.27
8,4,31,1,0.3
8,4,32,1,0.205
8,4,33,1,0.205
8,4,34,1,0.25
8,4,35,1,0.295
8,4,36,1,0.225
8,4,37,1,0.31
8,4,38,1,0.485
8,4,39,1,0.24
8,4,40,1,0.295
8,4,41,1,0.58
8,4,1,2,0.495
8,4,2,2,0.265
8,4,3,2,0.35
8,4,4,2,0.205
8,4,5,2,0.295
8,4,6,2,0.3
8,4,7,2,0.28
8,4,8,2,0.31
8,4,9,2,0.505
8,4,10,2,0.495
8,4,11,2,0.415
8,4,12,2,0.205
8,4,13,2,1.06
8,4,14,2,0.295
8,4,15,2,0.335
8,4,16,2,0.205
8,4,17,2,0.3
8,4,18,2,0.315
8,4,19,2,0.24
8,4,20,2,0.295
8,4,21,2,0.525
8,4,22,2,0.225
8,4,23,2,0.285
8,4,24,2,0.575
8,4,25,2,0.235
8,4,26,2,0.305
8,4,27,2,0.435
8,4,28,2,0.305
8,4,29,2,0.455
8,4,30,2,0.205
8,4,31,2,0.28
8,4,32,2,0.335
8,4,33,2,0.29
8,4,34,2,0.265
8,4,35,2,0.525
8,4,36,2,0.535
8,4,37,2,0.39
8,4,38,2,0.205
8,4,39,2,0.51
8,5,1,1,0.45
8,5,2,1,0.205
8,5,3,1,0.26
8,5,4,1,0.27
8,5,5,1,0.365
8,5,6,1,0.205
8,5,7,1,0.685
8,5,8,1,0.54
8,5,9,1,0.65
8,5,10,1,0.345
8,5,11,1,0.78
8,5,12,1,0.435
8,5,13,1,0.205
8,5,14,1,0.26
8,5,15,1,0.27
8,5,16,1,0.3
8,5,17,1,0.295
8,5,18,1,0.67
8,5,19,1,0.245
8,5,20,1,0.25
8,5,21,1,0.595
8,5,22,1,0.3
8,5,23,1,0.295
8,5,24,1,0.575
8,5,25,1,0.415
8,5,26,1,0.205
8,5,27,1,0.28
8,5,28,1,0.28
8,5,29,1,0.315
8,5,30,1,0.305
8,5,31,1,0.605
8,5,32,1,0.57
8,5,33,1,0.545
8,5,34,1,0.335
8,5,35,1,0.83
8,5,36,1,0.45
8,5,1,2,0.4
8,5,2,2,0.285
8,5,3,2,0.325
8,5,4,2,0.62
8,5,5,2,0.25
8,5,6,2,0.365
8,5,7,2,0.69
8,5,8,2,0.305
8,5,9,2,0.26
8,5,10,2,0.625
8,5,11,2,0.405
8,5,12,2,0.205
8,5,13,2,0.315
8,5,14,2,0.27
8,5,15,2,0.245
8,5,16,2,0.305
8,5,17,2,0.575
8,5,18,2,0.515
8,5,19,2,0.75
8,5,20,2,0.335
8,5,21,2,1
8,5,22,2,0.43
8,5,23,2,0.205
8,5,24,2,0.255
8,5,25,2,0.295
8,5,26,2,0.27
8,5,27,2,0.31
8,5,28,2,0.56
8,5,29,2,0.285
8,5,30,2,0.305
8,5,31,2,0.605
8,5,32,2,0.27
8,5,33,2,0.27
8,5,34,2,0.66
8,5,35,2,0.44
8,5,36,2,0.205
8,5,37,2,0.33
8,6,1,1,0.525
8,6,2,1,0.345
8,6,3,1,0.34
8,6,4,1,0.35
8,6,5,1,0.35
8,6,6,1,0.35
8,6,7,1,0.32
8,6,8,1,0.335
8,6,9,1,0.3
8,6,10,1,0.345
8,6,11,1,0.35
8,6,12,1,0.31
8,6,13,1,0.31
8,6,14,1,0.325
8,6,15,1,0.595
8,6,16,1,0.21
8,6,17,1,0.3
8,6,18,1,0.305
8,6,19,1,0.37
8,6,20,1,0.32
8,6,21,1,0.315
8,6,22,1,0.36
8,6,23,1,0.36
8,6,24,1,0.355
8,6,25,1,0.36
8,6,26,1,0.395
8,6,27,1,0.375
8,6,28,1,0.35
8,6,29,1,0.375
8,6,30,1,0.405
8,6,31,1,0.375
8,6,32,1,0.62
8,6,33,1,0.21
8,6,34,1,0.31
8,6,35,1,0.325
8,6,36,1,0.365
8,6,37,1,0.345
8,6,38,1,0.37
8,6,39,1,0.345
8,6,40,1,0.365
8,6,41,1,0.305
8,6,1,2,0.33
8,6,2,2,0.34
8,6,3,2,0.365
8,6,4,2,0.335
8,6,5,2,0.415
8,6,6,2,0.625
8,6,7,2,0.43
8,6,8,2,0.205
8,6,9,2,0.205
8,6,10,2,0.245
8,6,11,2,0.375
8,6,12,2,0.365
8,6,13,2,0.38
8,6,14,2,0.31
8,6,15,2,0.35
8,6,16,2,0.37
8,6,17,2,0.365
8,6,18,2,0.475
8,6,19,2,0.585
8,6,20,2,0.42
8,6,21,2,0.205
8,6,22,2,0.205
8,6,23,2,0.25
8,6,24,2,0.35
8,6,25,2,0.325
8,6,26,2,0.335
8,6,27,2,0.335
8,6,28,2,0.345
8,6,29,2,0.35
8,6,30,2,0.385
8,6,31,2,0.38
8,6,32,2,0.365
8,6,33,2,0.375
8,6,34,2,0.345
8,6,35,2,0.315
8,6,36,2,0.445
8,6,37,2,0.205
8,6,38,2,0.345
8,6,39,2,0.205
8,6,40,2,0.205
8,6,41,2,0.225
8,6,42,2,0.39
8,6,43,2,0.385
8,7,1,1,0.35
8,7,2,1,0.305
8,7,3,1,0.325
8,7,4,1,0.32
8,7,5,1,0.285
8,7,6,1,0.35
8,7,7,1,0.31
8,7,8,1,0.34
8,7,9,1,0.28
8,7,10,1,0.23
8,7,11,1,0.265
8,7,12,1,0.57
8,7,13,1,0.21
8,7,14,1,0.205
8,7,15,1,0.255
8,7,16,1,0.435
8,7,17,1,0.715
8,7,18,1,0.39
8,7,19,1,0.32
8,7,20,1,0.335
8,7,21,1,0.42
8,7,22,1,0.3
8,7,23,1,0.335
8,7,24,1,0.795
8,7,25,1,0.35
8,7,26,1,0.37
8,7,27,1,0.315
8,7,28,1,0.385
8,7,29,1,0.39
8,7,30,1,0.37
8,7,31,1,0.335
8,7,32,1,0.79
8,7,33,1,0.36
8,7,34,1,0.355
8,7,35,1,0.375
8,7,36,1,0.345
8,7,37,1,0.34
8,7,38,1,0.55
8,7,39,1,0.205
8,7,1,2,0.385
8,7,2,2,0.37
8,7,3,2,0.375
8,7,4,2,0.445
8,7,5,2,0.47
8,7,6,2,0.32
8,7,7,2,0.345
8,7,8,2,0.485
8,7,9,2,0.51
8,7,10,2,0.36
8,7,11,2,0.375
8,7,12,2,0.835
8,7,13,2,0.375
8,7,14,2,0.485
8,7,15,2,0.205
8,7,16,2,0.205
8,7,17,2,0.295
8,7,18,2,0.39
8,7,19,2,0.43
8,7,20,2,0.455
8,7,21,2,0.37
8,7,22,2,0.485
8,7,23,2,0.355
8,7,24,2,0.425
8,7,25,2,0.375
8,7,26,2,0.36
8,7,27,2,0.36
8,7,28,2,0.37
8,7,29,2,0.36
8,7,30,2,0.395
8,7,31,2,0.41
8,7,32,2,0.355
8,7,33,2,0.36
8,7,34,2,0.38
8,7,35,2,0.385
8,7,36,2,0.38
8,8,1,1,0.735
8,8,2,1,0.36
8,8,3,1,0.38
8,8,4,1,0.605
8,8,5,1,0.205
8,8,6,1,0.4
8,8,7,1,0.46
8,8,8,1,0.71
8,8,9,1,0.205
8,8,10,1,0.375
8,8,11,1,0.405
8,8,12,1,0.675
8,8,13,1,0.205
8,8,14,1,0.39
8,8,15,1,0.385
8,8,16,1,0.82
8,8,17,1,0.46
8,8,18,1,0.455
8,8,19,1,0.65
8,8,20,1,0.205
8,8,21,1,0.4
8,8,22,1,0.455
8,8,23,1,0.86
8,8,24,1,0.43
8,8,25,1,0.435
8,8,26,1,0.56
8,8,27,1,0.565
8,8,28,1,0.22
8,8,29,1,1.1
8,8,30,1,0.375
8,8,1,2,0.61
8,8,2,2,0.205
8,8,3,2,0.435
8,8,4,2,0.47
8,8,5,2,0.74
8,8,6,2,0.215
8,8,7,2,0.39
8,8,8,2,0.43
8,8,9,2,0.77
8,8,10,2,0.205
8,8,11,2,0.36
8,8,12,2,0.385
8,8,13,2,0.995
8,8,14,2,0.435
8,8,15,2,0.44
8,8,16,2,0.695
8,8,17,2,0.215
8,8,18,2,0.4
8,8,19,2,0.38
8,8,20,2,0.86
8,8,21,2,0.425
8,8,22,2,0.395
8,8,23,2,0.205
8,8,24,2,0.36
8,8,25,2,0.23
8,8,26,2,1.045
8,8,27,2,0.945
8,8,28,2,0.43
8,8,29,2,0.44
8,8,30,2,0.575
8,8,31,2,0.205
8,9,1,1,0.31
8,9,2,1,0.205
8,9,3,1,0.29
8,9,4,1,0.3
8,9,5,1,0.23
8,9,6,1,0.225
8,9,7,1,0.535
8,9,8,1,0.29
8,9,9,1,0.295
8,9,10,1,0.515
8,9,11,1,0.245
8,9,12,1,0.23
8,9,13,1,0.415
8,9,14,1,0.35
8,9,15,1,0.205
8,9,16,1,0.205
8,9,17,1,0.22
8,9,18,1,0.335
8,9,19,1,0.335
8,9,20,1,0.29
8,9,21,1,0.295
8,9,22,1,0.51
8,9,23,1,0.62
8,9,24,1,0.535
8,9,25,1,0.205
8,9,26,1,0.985
8,9,27,1,0.325
8,9,28,1,0.345
8,9,29,1,0.205
8,9,30,1,0.205
8,9,31,1,0.29
8,9,32,1,0.365
8,9,33,1,0.295
8,9,34,1,0.28
8,9,35,1,0.645
8,9,36,1,0.29
8,9,37,1,0.25
8,9,38,1,0.68
8,9,39,1,0.31
8,9,40,1,0.26
8,9,1,2,0.37
8,9,2,2,0.205
8,9,3,2,0.315
8,9,4,2,0.365
8,9,5,2,0.32
8,9,6,2,0.28
8,9,7,2,0.58
8,9,8,2,0.565
8,9,9,2,0.58
8,9,10,2,0.205
8,9,11,2,1.17
8,9,12,2,0.32
8,9,13,2,0.225
8,9,14,2,0.205
8,9,15,2,0.205
8,9,16,2,0.39
8,9,17,2,0.34
8,9,18,2,0.345
8,9,19,2,0.285
8,9,20,2,0.685
8,9,21,2,0.26
8,9,22,2,0.305
8,9,23,2,0.7
8,9,24,2,0.285
8,9,25,2,0.27
8,9,26,2,0.35
8,9,27,2,0.335
8,9,28,2,0.32
8,9,29,2,0.205
8,9,30,2,0.305
8,9,31,2,0.375
8,9,32,2,0.31
8,9,33,2,0.31
8,9,34,2,0.66
8,9,35,2,0.53
8,9,36,2,0.42
8,9,37,2,0.205
8,9,38,2,0.685
8,10,1,1,0.945
8,10,2,1,0.32
8,10,3,1,0.35
8,10,4,1,0.375
8,10,5,1,0.315
8,10,6,1,0.4
8,10,7,1,0.305
8,10,8,1,0.31
8,10,9,1,0.275
8,10,10,1,0.32
8,10,11,1,0.305
8,10,12,1,0.3
8,10,13,1,0.36
8,10,14,1,0.205
8,10,15,1,0.43
8,10,16,1,1.02
8,10,17,1,0.375
8,10,18,1,0.7
8,10,19,1,0.335
8,10,20,1,0.305
8,10,21,1,0.335
8,10,22,1,0.37
8,10,23,1,0.375
8,10,24,1,0.385
8,10,25,1,0.34
8,10,26,1,0.495
8,10,27,1,0.335
8,10,28,1,0.38
8,10,29,1,0.39
8,10,30,1,0.205
8,10,31,1,0.33
8,10,32,1,0.865
8,10,33,1,0.205
8,10,34,1,0.3
8,10,35,1,0.205
8,10,36,1,0.27
8,10,1,2,1.5
8,10,2,2,0.345
8,10,3,2,0.315
8,10,4,2,0.385
8,10,5,2,0.335
8,10,6,2,0.38
8,10,7,2,0.43
8,10,8,2,0.335
8,10,9,2,0.35
8,10,10,2,0.34
8,10,11,2,0.57
8,10,12,2,0.47
8,10,13,2,0.46
8,10,14,2,0.385
8,10,15,2,0.73
8,10,16,2,1.265
8,10,17,2,0.355
8,10,18,2,0.38
8,10,19,2,0.205
8,10,20,2,0.495
8,10,21,2,0.205
8,10,22,2,0.965
8,10,23,2,0.38
8,10,24,2,0.345
8,10,25,2,0.36
8,10,26,2,0.34
8,10,27,2,0.365
8,10,28,2,0.39
8,10,29,2,0.31
8,10,30,2,0.345
8,10,31,2,0.31
8,10,32,2,0.415
8,10,33,2,0.205
8,11,1,1,0.745
8,11,2,1,0.415
8,11,3,1,0.395
8,11,4,1,0.695
8,11,5,1,0.205
8,11,6,1,0.425
8,11,7,1,0.395
8,11,8,1,0.775
8,11,9,1,0.205
8,11,10,1,0.36
8,11,11,1,0.46
8,11,12,1,0.73
8,11,13,1,0.215
8,11,14,1,0.39
8,11,15,1,0.47
8,11,16,1,0.205
8,11,17,1,0.735
8,11,18,1,0.41
8,11,19,1,0.43
8,11,20,1,0.605
8,11,21,1,0.215
8,11,22,1,0.42
8,11,23,1,0.39
8,11,24,1,0.755
8,11,25,1,0.205
8,11,26,1,0.375
8,11,27,1,0.405
8,11,28,1,0.765
8,11,29,1,0.205
8,11,30,1,0.295
8,11,31,1,0.445
8,11,32,1,0.965
8,11,1,2,0.44
8,11,2,2,0.58
8,11,3,2,0.205
8,11,4,2,0.415
8,11,5,2,0.39
8,11,6,2,0.645
8,11,7,2,0.205
8,11,8,2,0.41
8,11,9,2,0.4
8,11,10,2,0.46
8,11,11,2,0.485
8,11,12,2,1.87
8,11,13,2,0.43
8,11,14,2,0.425
8,11,15,2,0.635
8,11,16,2,0.225
8,11,17,2,0.41
8,11,18,2,0.495
8,11,19,2,0.74
8,11,20,2,0.205
8,11,21,2,0.37
8,11,22,2,0.445
8,11,23,2,0.725
8,11,24,2,0.205
8,11,25,2,0.375
8,11,26,2,0.39
8,11,27,2,1.105
8,11,28,2,0.42
8,11,29,2,0.43
8,12,1,1,0.415
8,12,2,1,0.31
8,12,3,1,0.495
8,12,4,1,0.205
8,12,5,1,0.31
8,12,6,1,0.335
8,12,7,1,0.64
8,12,8,1,0.355
8,12,9,1,0.325
8,12,10,1,0.615
8,12,11,1,0.205
8,12,12,1,0.29
8,12,13,1,0.315
8,12,14,1,0.575
8,12,15,1,0.57
8,12,16,1,0.435
8,12,17,1,0.345
8,12,18,1,0.46
8,12,19,1,0.205
8,12,20,1,0.35
8,12,21,1,0.375
8,12,22,1,0.74
8,12,23,1,0.71
8,12,24,1,0.335
8,12,25,1,0.43
8,12,26,1,0.57
8,12,27,1,0.29
8,12,28,1,0.3
8,12,29,1,0.765
8,12,30,1,0.82
8,12,31,1,0.325
8,12,32,1,0.365
8,12,33,1,0.565
8,12,34,1,0.21
8,12,1,2,0.375
8,12,2,2,0.805
8,12,3,2,0.715
8,12,4,2,0.905
8,12,5,2,0.405
8,12,6,2,1.18
8,12,7,2,0.35
8,12,8,2,0.315
8,12,9,2,0.55
8,12,10,2,0.205
8,12,11,2,0.405
8,12,12,2,0.345
8,12,13,2,0.61
8,12,14,2,0.225
8,12,15,2,0.34
8,12,16,2,0.365
8,12,17,2,0.615
8,12,18,2,0.205
8,12,19,2,0.32
8,12,20,2,0.31
8,12,21,2,0.78
8,12,22,2,0.28
8,12,23,2,0.34
8,12,24,2,0.46
8,12,25,2,0.215
8,12,26,2,0.32
8,12,27,2,0.36
8,12,28,2,0.3
8,12,29,2,0.62
8,12,30,2,0.415
8,12,31,2,0.38
8,12,32,2,0.65
8,12,33,2,0.21
8,13,1,1,0.73
8,13,2,1,0.345
8,13,3,1,0.49
8,13,4,1,0.74
8,13,5,1,0.205
8,13,6,1,0.375
8,13,7,1,0.41
8,13,8,1,0.77
8,13,9,1,0.205
8,13,10,1,0.37
8,13,11,1,0.415
8,13,12,1,0.76
8,13,13,1,0.205
8,13,14,1,0.385
8,13,15,1,0.46
8,13,16,1,0.95
8,13,17,1,0.43
8,13,18,1,0.515
8,13,19,1,0.7
8,13,20,1,0.21
8,13,21,1,0.435
8,13,22,1,0.455
8,13,23,1,0.805
8,13,24,1,0.205
8,13,25,1,0.415
8,13,26,1,0.385
8,13,27,1,0.935
8,13,28,1,0.425
8,13,29,1,0.64
8,13,1,2,0.47
8,13,2,2,0.41
8,13,3,2,0.59
8,13,4,2,0.205
8,13,5,2,0.41
8,13,6,2,0.43
8,13,7,2,0.72
8,13,8,2,0.205
8,13,9,2,0.45
8,13,10,2,0.405
8,13,11,2,0.875
8,13,12,2,0.205
8,13,13,2,1.57
8,13,14,2,0.205
8,13,15,2,0.35
8,13,16,2,0.205
8,13,17,2,0.28
8,13,18,2,0.205
8,13,19,2,0.82
8,13,20,2,0.205
8,13,21,2,0.345
8,13,22,2,0.205
8,13,23,2,0.225
8,13,24,2,0.205
8,13,25,2,0.885
8,13,26,2,0.495
8,13,27,2,0.405
8,13,28,2,0.65
8,13,29,2,0.21
8,13,30,2,0.3
8,13,31,2,0.415
8,13,32,2,0.435
8,14,1,1,0.425
8,14,2,1,0.285
8,14,3,1,0.315
8,14,4,1,0.44
8,14,5,1,0.205
8,14,6,1,0.31
8,14,7,1,0.35
8,14,8,1,0.305
8,14,9,1,0.325
8,14,10,1,0.655
8,14,11,1,0.515
8,14,12,1,0.795
8,14,13,1,0.29
8,14,14,1,0.355
8,14,15,1,0.32
8,14,16,1,0.205
8,14,17,1,0.425
8,14,18,1,0.305
8,14,19,1,0.31
8,14,20,1,0.295
8,14,21,1,0.595
8,14,22,1,0.56
8,14,23,1,0.475
8,14,24,1,0.32
8,14,25,1,0.35
8,14,26,1,0.34
8,14,27,1,0.355
8,14,28,1,0.205
8,14,29,1,0.32
8,14,30,1,0.205
8,14,31,1,0.58
8,14,32,1,0.21
8,14,33,1,0.335
8,14,34,1,0.29
8,14,35,1,0.455
8,14,36,1,0.225
8,14,37,1,0.41
8,14,38,1,0.615
8,14,1,2,0.28
8,14,2,2,0.29
8,14,3,2,0.27
8,14,4,2,0.3
8,14,5,2,0.205
8,14,6,2,0.32
8,14,7,2,0.295
8,14,8,2,0.32
8,14,9,2,0.325
8,14,10,2,0.675
8,14,11,2,0.605
8,14,12,2,1.1
8,14,13,2,0.31
8,14,14,2,0.275
8,14,15,2,0.36
8,14,16,2,0.24
8,14,17,2,0.265
8,14,18,2,0.335
8,14,19,2,0.595
8,14,20,2,0.3
8,14,21,2,0.295
8,14,22,2,0.585
8,14,23,2,0.66
8,14,24,2,0.47
8,14,25,2,0.315
8,14,26,2,0.305
8,14,27,2,0.325
8,14,28,2,0.32
8,14,29,2,0.205
8,14,30,2,0.375
8,14,31,2,0.51
8,14,32,2,0.35
8,14,33,2,0.315
8,14,34,2,0.21
8,14,35,2,0.215
8,14,36,2,0.235
8,14,37,2,0.275
8,14,38,2,0.305
8,14,39,2,0.635
8,15,1,1,0.295
8,15,2,1,0.205
8,15,3,1,0.305
8,15,4,1,0.295
8,15,5,1,0.285
8,15,6,1,0.28
8,15,7,1,0.565
8,15,8,1,0.265
8,15,9,1,0.285
8,15,10,1,0.595
8,15,11,1,0.315
8,15,12,1,0.3
8,15,13,1,0.595
8,15,14,1,0.415
8,15,15,1,0.205
8,15,16,1,0.25
8,15,17,1,0.315
8,15,18,1,0.255
8,15,19,1,0.29
8,15,20,1,0.53
8,15,21,1,0.625
8,15,22,1,0.545
8,15,23,1,0.29
8,15,24,1,0.98
8,15,25,1,0.425
8,15,26,1,0.205
8,15,27,1,0.285
8,15,28,1,0.265
8,15,29,1,0.28
8,15,30,1,0.245
8,15,31,1,0.56
8,15,32,1,0.31
8,15,33,1,0.205
8,15,34,1,0.72
8,15,35,1,0.26
8,15,36,1,0.205
8,15,37,1,0.745
8,15,38,1,0.43
8,15,39,1,0.205
8,15,1,2,0.245
8,15,2,2,0.23
8,15,3,2,0.205
8,15,4,2,0.775
8,15,5,2,0.51
8,15,6,2,0.535
8,15,7,2,0.29
8,15,8,2,0.935
8,15,9,2,0.395
8,15,10,2,0.205
8,15,11,2,0.275
8,15,12,2,0.295
8,15,13,2,0.275
8,15,14,2,0.28
8,15,15,2,0.645
8,15,16,2,0.285
8,15,17,2,0.255
8,15,18,2,0.625
8,15,19,2,0.265
8,15,20,2,0.265
8,15,21,2,0.52
8,15,22,2,0.475
8,15,23,2,0.205
8,15,24,2,0.265
8,15,25,2,0.255
8,15,26,2,0.31
8,15,27,2,0.29
8,15,28,2,0.55
8,15,29,2,0.56
8,15,30,2,0.535
8,15,31,2,0.325
8,15,32,2,0.86
8,15,33,2,0.47
8,15,34,2,0.205
8,15,35,2,0.265
8,15,36,2,0.24
8,15,37,2,0.225
8,15,38,2,0.205
8,16,1,1,0.42
8,16,2,1,0.225
8,16,3,1,0.315
8,16,4,1,0.205
8,16,5,1,0.265
8,16,6,1,1.705
8,16,7,1,0.325
8,16,8,1,0.295
8,16,9,1,0.33
8,16,10,1,0.305
8,16,11,1,0.325
8,16,12,1,0.305
8,16,13,1,0.31
8,16,14,1,0.33
8,16,15,1,0.425
8,16,16,1,0.205
8,16,17,1,0.28
8,16,18,1,0.205
8,16,19,1,0.205
8,16,20,1,0.485
8,16,21,1,1.22
8,16,22,1,0.73
8,16,23,1,0.205
8,16,24,1,0.305
8,16,25,1,0.285
8,16,26,1,1.44
8,16,27,1,0.36
8,16,28,1,0.34
8,16,29,1,0.515
8,16,30,1,0.205
8,16,31,1,0.3
8,16,32,1,0.215
8,16,33,1,0.205
8,16,1,2,0.205
8,16,2,2,1.095
8,16,3,2,0.315
8,16,4,2,0.35
8,16,5,2,0.485
8,16,6,2,0.205
8,16,7,2,0.335
8,16,8,2,1.64
8,16,9,2,0.36
8,16,10,2,0.37
8,16,11,2,0.35
8,16,12,2,0.385
8,16,13,2,0.36
8,16,14,2,0.34
8,16,15,2,0.38
8,16,16,2,0.345
8,16,17,2,0.365
8,16,18,2,0.205
8,16,19,2,0.32
8,16,20,2,0.215
8,16,21,2,0.255
8,16,22,2,1.29
8,16,23,2,0.24
8,16,24,2,0.34
8,16,25,2,0.205
8,16,26,2,0.29
8,16,27,2,0.88
8,16,28,2,2.205
8,16,29,2,0.32
8,17,1,1,0.255
8,17,2,1,0.205
8,17,3,1,0.26
8,17,4,1,0.305
8,17,5,1,0.335
8,17,6,1,0.3
8,17,7,1,0.55
8,17,8,1,0.3
8,17,9,1,0.305
8,17,10,1,0.595
8,17,11,1,0.25
8,17,12,1,0.285
8,17,13,1,0.555
8,17,14,1,0.44
8,17,15,1,0.215
8,17,16,1,0.295
8,17,17,1,0.3
8,17,18,1,0.305
8,17,19,1,0.35
8,17,20,1,0.575
8,17,21,1,0.595
8,17,22,1,0.515
8,17,23,1,0.295
8,17,24,1,0.55
8,17,25,1,0.44
8,17,26,1,0.205
8,17,27,1,0.27
8,17,28,1,0.32
8,17,29,1,0.205
8,17,30,1,0.205
8,17,31,1,0.22
8,17,32,1,0.635
8,17,33,1,0.205
8,17,34,1,0.205
8,17,35,1,0.205
8,17,36,1,0.64
8,17,37,1,0.21
8,17,38,1,0.205
8,17,39,1,0.205
8,17,40,1,0.53
8,17,41,1,0.46
8,17,42,1,0.205
8,17,1,2,0.205
8,17,2,2,0.205
8,17,3,2,0.205
8,17,4,2,0.515
8,17,5,2,0.58
8,17,6,2,0.565
8,17,7,2,0.335
8,17,8,2,0.82
8,17,9,2,0.535
8,17,10,2,0.205
8,17,11,2,0.28
8,17,12,2,0.31
8,17,13,2,0.3
8,17,14,2,0.32
8,17,15,2,0.635
8,17,16,2,0.335
8,17,17,2,0.33
8,17,18,2,0.68
8,17,19,2,0.33
8,17,20,2,0.315
8,17,21,2,0.575
8,17,22,2,0.5
8,17,23,2,0.205
8,17,24,2,0.32
8,17,25,2,0.335
8,17,26,2,0.325
8,17,27,2,0.27
8,17,28,2,0.615
8,17,29,2,0.585
8,17,30,2,0.685
8,17,31,2,0.35
8,17,32,2,0.88
8,17,33,2,0.495
8,17,34,2,0.205
8,17,35,2,0.275
8,18,1,1,0.205
8,18,2,1,0.235
8,18,3,1,0.395
8,18,4,1,0.205
8,18,5,1,0.205
8,18,6,1,0.205
8,18,7,1,0.425
8,18,8,1,0.205
8,18,9,1,0.205
8,18,10,1,0.37
8,18,11,1,0.455
8,18,12,1,0.205
8,18,13,1,0.28
8,18,14,1,0.43
8,18,15,1,0.205
8,18,16,1,0.205
8,18,17,1,0.49
8,18,18,1,0.205
8,18,19,1,0.205
8,18,20,1,0.205
8,18,21,1,0.205
8,18,22,1,0.4
8,18,23,1,0.295
8,18,24,1,0.375
8,18,25,1,0.4
8,18,26,1,0.37
8,18,27,1,0.4
8,18,28,1,0.285
8,18,29,1,0.215
8,18,30,1,0.55
8,18,31,1,0.23
8,18,32,1,0.24
8,18,33,1,0.485
8,18,34,1,0.205
8,18,35,1,0.205
8,18,36,1,0.205
8,18,37,1,0.465
8,18,38,1,0.205
8,18,39,1,0.21
8,18,40,1,0.205
8,18,41,1,0.205
8,18,42,1,0.285
8,18,43,1,0.555
8,18,44,1,0.225
8,18,45,1,0.205
8,18,46,1,0.445
8,18,47,1,0.215
8,18,48,1,0.205
8,18,1,2,0.205
8,18,2,2,0.205
8,18,3,2,0.205
8,18,4,2,0.215
8,18,5,2,0.505
8,18,6,2,0.33
8,18,7,2,0.445
8,18,8,2,0.375
8,18,9,2,0.37
8,18,10,2,0.455
8,18,11,2,0.365
8,18,12,2,0.455
8,18,13,2,0.405
8,18,14,2,0.245
8,18,15,2,0.44
8,18,16,2,0.205
8,18,17,2,0.215
8,18,18,2,0.205
8,18,19,2,0.375
8,18,20,2,0.205
8,18,21,2,0.205
8,18,22,2,0.205
8,18,23,2,0.46
8,18,24,2,0.205
8,18,25,2,0.21
8,18,26,2,0.205
8,18,27,2,0.205
8,18,28,2,0.645
8,18,29,2,0.205
8,18,30,2,0.21
8,18,31,2,0.205
8,18,32,2,0.39
8,18,33,2,0.205
8,18,34,2,0.205
8,18,35,2,0.205
8,18,36,2,0.41
8,18,37,2,0.205
8,18,38,2,0.215
8,18,39,2,0.225
8,18,40,2,0.24
8,18,41,2,0.915
8,18,42,2,0.395
8,18,43,2,0.445
8,18,44,2,0.4
8,18,45,2,0.415
8,19,1,1,0.305
8,19,2,1,0.355
8,19,3,1,0.355
8,19,4,1,0.315
8,19,5,1,0.27
8,19,6,1,0.55
8,19,7,1,0.265
8,19,8,1,0.26
8,19,9,1,0.485
8,19,10,1,0.305
8,19,11,1,0.245
8,19,12,1,0.335
8,19,13,1,0.32
8,19,14,1,0.205
8,19,15,1,0.205
8,19,16,1,0.205
8,19,17,1,0.285
8,19,18,1,0.285
8,19,19,1,0.265
8,19,20,1,0.26
8,19,21,1,0.49
8,19,22,1,0.28
8,19,23,1,0.4
8,19,24,1,0.635
8,19,25,1,0.26
8,19,26,1,0.235
8,19,27,1,0.365
8,19,28,1,0.295
8,19,29,1,0.205
8,19,30,1,0.205
8,19,31,1,0.205
8,19,32,1,0.275
8,19,33,1,0.275
8,19,34,1,0.265
8,19,35,1,0.26
8,19,36,1,0.48
8,19,37,1,0.515
8,19,38,1,0.43
8,19,39,1,0.205
8,19,40,1,0.955
8,19,41,1,0.305
8,19,42,1,0.205
8,19,43,1,0.205
8,19,44,1,0.225
8,19,45,1,0.305
8,19,1,2,0.235
8,19,2,2,0.28
8,19,3,2,0.54
8,19,4,2,0.28
8,19,5,2,0.24
8,19,6,2,0.51
8,19,7,2,0.23
8,19,8,2,0.285
8,19,9,2,0.4
8,19,10,2,0.305
8,19,11,2,0.325
8,19,12,2,0.205
8,19,13,2,0.345
8,19,14,2,0.32
8,19,15,2,0.27
8,19,16,2,0.24
8,19,17,2,0.485
8,19,18,2,0.53
8,19,19,2,0.47
8,19,20,2,0.27
8,19,21,2,0.605
8,19,22,2,0.645
8,19,23,2,0.35
8,19,24,2,0.205
8,19,25,2,0.235
8,19,26,2,0.205
8,19,27,2,0.28
8,19,28,2,0.315
8,19,29,2,0.29
8,19,30,2,0.26
8,19,31,2,0.47
8,19,32,2,0.295
8,19,33,2,0.255
8,19,34,2,0.525
8,19,35,2,0.26
8,19,36,2,0.25
8,19,37,2,0.435
8,19,38,2,0.32
8,19,39,2,0.205
8,19,40,2,0.205
8,19,41,2,0.205
8,19,42,2,0.27
8,19,43,2,0.295
8,19,44,2,0.26
8,19,45,2,0.265
8,20,1,1,0.305
8,20,2,1,0.3
8,20,3,1,0.205
8,20,4,1,0.34
8,20,5,1,0.205
8,20,6,1,0.205
8,20,7,1,0.485
8,20,8,1,0.205
8,20,9,1,0.225
8,20,10,1,0.205
8,20,11,1,0.4
8,20,12,1,0.205
8,20,13,1,0.225
8,20,14,1,0.435
8,20,15,1,0.205
8,20,16,1,0.21
8,20,17,1,0.215
8,20,18,1,0.395
8,20,19,1,0.205
8,20,20,1,0.205
8,20,21,1,0.21
8,20,22,1,0.475
8,20,23,1,0.33
8,20,24,1,0.39
8,20,25,1,0.38
8,20,26,1,0.375
8,20,27,1,0.395
8,20,28,1,0.415
8,20,29,1,0.28
8,20,30,1,0.51
8,20,31,1,0.435
8,20,32,1,0.415
8,20,33,1,0.405
8,20,34,1,0.39
8,20,35,1,0.375
8,20,36,1,0.31
8,20,37,1,0.28
8,20,38,1,0.525
8,20,39,1,0.205
8,20,40,1,0.27
8,20,41,1,0.205
8,20,42,1,0.355
8,20,43,1,0.205
8,20,44,1,0.21
8,20,45,1,0.49
8,20,46,1,0.225
8,20,1,2,0.205
8,20,2,2,0.605
8,20,3,2,0.205
8,20,4,2,0.33
8,20,5,2,0.47
8,20,6,2,0.205
8,20,7,2,0.21
8,20,8,2,0.22
8,20,9,2,0.35
8,20,10,2,0.21
8,20,11,2,0.215
8,20,12,2,0.23
8,20,13,2,0.93
8,20,14,2,0.47
8,20,15,2,0.495
8,20,16,2,0.445
8,20,17,2,0.375
8,20,18,2,0.41
8,20,19,2,0.365
8,20,20,2,0.4
8,20,21,2,0.4
8,20,22,2,0.205
8,20,23,2,0.275
8,20,24,2,0.43
8,20,25,2,0.205
8,20,26,2,0.205
8,20,27,2,0.205
8,20,28,2,0.325
8,20,29,2,0.23
8,20,30,2,0.23
8,20,31,2,0.23
8,20,32,2,0.215
8,20,33,2,0.775
8,20,34,2,0.32
8,20,35,2,0.205
8,20,36,2,0.375
8,20,37,2,0.205
8,20,38,2,0.205
8,20,39,2,0.205
8,20,40,2,0.375
8,20,41,2,0.22
8,20,42,2,0.215
8,20,43,2,0.205
8,20,44,2,0.205
8,20,45,2,0.6
8,21,1,1,0.705
8,21,2,1,0.335
8,21,3,1,0.35
8,21,4,1,0.205
8,21,5,1,0.295
8,21,6,1,0.205
8,21,7,1,0.64
8,21,8,1,0.205
8,21,9,1,0.33
8,21,10,1,0.205
8,21,11,1,0.31
8,21,12,1,0.205
8,21,13,1,0.855
8,21,14,1,0.415
8,21,15,1,0.39
8,21,16,1,0.69
8,21,17,1,0.205
8,21,18,1,0.36
8,21,19,1,0.415
8,21,20,1,0.73
8,21,21,1,0.205
8,21,22,1,0.33
8,21,23,1,0.485
8,21,24,1,0.66
8,21,25,1,0.205
8,21,26,1,0.35
8,21,27,1,0.4
8,21,28,1,0.915
8,21,29,1,0.415
8,21,30,1,0.41
8,21,31,1,0.205
8,21,32,1,0.375
8,21,33,1,0.205
8,21,34,1,0.405
8,21,35,1,0.46
8,21,1,2,0.385
8,21,2,2,0.42
8,21,3,2,0.615
8,21,4,2,0.22
8,21,5,2,1.26
8,21,6,2,0.205
8,21,7,2,0.205
8,21,8,2,0.22
8,21,9,2,0.285
8,21,10,2,0.205
8,21,11,2,0.995
8,21,12,2,0.205
8,21,13,2,0.205
8,21,14,2,0.205
8,21,15,2,0.26
8,21,16,2,0.205
8,21,17,2,0.925
8,21,18,2,0.44
8,21,19,2,0.445
8,21,20,2,0.7
8,21,21,2,0.21
8,21,22,2,0.42
8,21,23,2,0.44
8,21,24,2,0.77
8,21,25,2,0.205
8,21,26,2,0.36
8,21,27,2,0.405
8,21,28,2,0.87
8,21,29,2,0.205
8,21,30,2,0.41
8,21,31,2,0.44
8,21,32,2,0.97
8,21,33,2,0.445
8,22,1,1,0.405
8,22,2,1,0.4
8,22,3,1,0.205
8,22,4,1,0.24
8,22,5,1,0.215
8,22,6,1,0.36
8,22,7,1,0.205
8,22,8,1,0.205
8,22,9,1,0.215
8,22,10,1,0.29
8,22,11,1,0.445
8,22,12,1,0.455
8,22,13,1,0.42
8,22,14,1,0.255
8,22,15,1,0.225
8,22,16,1,0.21
8,22,17,1,0.365
8,22,18,1,0.205
8,22,19,1,0.205
8,22,20,1,0.205
8,22,21,1,0.43
8,22,22,1,0.355
8,22,23,1,0.37
8,22,24,1,0.42
8,22,25,1,0.4
8,22,26,1,0.435
8,22,27,1,0.38
8,22,28,1,0.43
8,22,29,1,0.365
8,22,30,1,0.485
8,22,31,1,0.4
8,22,32,1,0.38
8,22,33,1,0.35
8,22,34,1,0.405
8,22,35,1,0.285
8,22,36,1,0.385
8,22,37,1,0.35
8,22,38,1,0.205
8,22,39,1,0.205
8,22,40,1,0.205
8,22,41,1,0.38
8,22,42,1,0.205
8,22,43,1,0.205
8,22,44,1,0.205
8,22,1,2,0.205
8,22,2,2,0.225
8,22,3,2,0.23
8,22,4,2,0.22
8,22,5,2,0.525
8,22,6,2,0.205
8,22,7,2,0.275
8,22,8,2,0.46
8,22,9,2,0.205
8,22,10,2,0.205
8,22,11,2,0.205
8,22,12,2,0.205
8,22,13,2,0.295
8,22,14,2,0.21
8,22,15,2,0.215
8,22,16,2,0.205
8,22,17,2,0.205
8,22,18,2,0.205
8,22,19,2,0.815
8,22,20,2,0.46
8,22,21,2,0.435
8,22,22,2,0.375
8,22,23,2,0.365
8,22,24,2,0.39
8,22,25,2,0.335
8,22,26,2,0.41
8,22,27,2,0.37
8,22,28,2,0.42
8,22,29,2,0.425
8,22,30,2,0.42
8,22,31,2,0.39
8,22,32,2,0.485
8,22,33,2,0.915
8,22,34,2,0.205
8,22,35,2,0.21
8,22,36,2,0.235
8,22,37,2,0.645
8,22,38,2,0.44
8,22,39,2,0.4
8,22,40,2,0.445
8,22,41,2,0.48
8,23,1,1,0.475
8,23,2,1,0.495
8,23,3,1,0.23
8,23,4,1,0.205
8,23,5,1,0.55
8,23,6,1,0.46
8,23,7,1,0.505
8,23,8,1,0.555
8,23,9,1,0.55
8,23,10,1,0.545
8,23,11,1,0.205
8,23,12,1,0.28
8,23,13,1,0.31
8,23,14,1,0.29
8,23,15,1,0.5
8,23,16,1,0.475
8,23,17,1,0.525
8,23,18,1,0.33
8,23,19,1,0.3
8,23,20,1,0.28
8,23,21,1,0.31
8,23,22,1,0.205
8,23,23,1,0.205
8,23,24,1,0.48
8,23,25,1,0.335
8,23,26,1,0.28
8,23,27,1,0.33
8,23,28,1,0.33
8,23,29,1,0.32
8,23,30,1,0.67
8,23,31,1,0.3
8,23,32,1,0.255
8,23,33,1,0.255
8,23,34,1,0.27
8,23,35,1,0.52
8,23,36,1,0.61
8,23,1,2,0.31
8,23,2,2,0.31
8,23,3,2,0.35
8,23,4,2,0.215
8,23,5,2,0.205
8,23,6,2,0.23
8,23,7,2,0.535
8,23,8,2,0.38
8,23,9,2,0.335
8,23,10,2,0.55
8,23,11,2,0.535
8,23,12,2,0.55
8,23,13,2,0.28
8,23,14,2,0.35
8,23,15,2,0.28
8,23,16,2,0.3
8,23,17,2,0.21
8,23,18,2,0.205
8,23,19,2,0.31
8,23,20,2,0.655
8,23,21,2,0.61
8,23,22,2,0.7
8,23,23,2,0.215
8,23,24,2,0.235
8,23,25,2,0.22
8,23,26,2,0.305
8,23,27,2,0.625
8,23,28,2,0.57
8,23,29,2,0.645
8,23,30,2,0.245
8,23,31,2,0.33
8,23,32,2,0.27
8,23,33,2,0.32
8,23,34,2,0.26
8,23,35,2,0.27
8,23,36,2,0.28
8,23,37,2,0.255
8,23,38,2,0.56
8,23,39,2,0.6
8,24,1,1,0.26
8,24,2,1,0.325
8,24,3,1,0.225
8,24,4,1,0.215
8,24,5,1,0.435
8,24,6,1,0.205
8,24,7,1,0.22
8,24,8,1,0.27
8,24,9,1,0.24
8,24,10,1,0.275
8,24,11,1,0.225
8,24,12,1,0.24
8,24,13,1,0.53
8,24,14,1,0.52
8,24,15,1,0.51
8,24,16,1,0.215
8,24,17,1,0.295
8,24,18,1,0.22
8,24,19,1,0.27
8,24,20,1,0.25
8,24,21,1,0.23
8,24,22,1,0.23
8,24,23,1,0.59
8,24,24,1,0.4
8,24,25,1,0.205
8,24,26,1,0.215
8,24,27,1,0.215
8,24,28,1,0.23
8,24,29,1,0.365
8,24,30,1,0.56
8,24,31,1,0.61
8,24,32,1,0.245
8,24,33,1,0.265
8,24,34,1,0.22
8,24,35,1,0.225
8,24,36,1,0.225
8,24,37,1,0.23
8,24,38,1,0.24
8,24,39,1,0.23
8,24,40,1,0.255
8,24,41,1,0.48
8,24,42,1,0.59
8,24,43,1,0.675
8,24,44,1,0.225
8,24,45,1,0.275
8,24,1,2,0.215
8,24,2,2,0.215
8,24,3,2,0.205
8,24,4,2,0.28
8,24,5,2,0.225
8,24,6,2,0.21
8,24,7,2,0.24
8,24,8,2,0.215
8,24,9,2,0.575
8,24,10,2,0.5
8,24,11,2,0.61
8,24,12,2,0.22
8,24,13,2,0.305
8,24,14,2,0.325
8,24,15,2,0.225
8,24,16,2,0.205
8,24,17,2,0.205
8,24,18,2,0.24
8,24,19,2,0.465
8,24,20,2,0.61
8,24,21,2,0.525
8,24,22,2,0.495
8,24,23,2,0.205
8,24,24,2,0.255
8,24,25,2,0.25
8,24,26,2,0.215
8,24,27,2,0.215
8,24,28,2,0.26
8,24,29,2,0.215
8,24,30,2,0.345
8,24,31,2,0.23
8,24,32,2,0.255
8,24,33,2,0.215
8,24,34,2,0.41
8,24,35,2,0.305
8,24,36,2,0.24
8,24,37,2,0.22
8,24,38,2,0.21
8,24,39,2,0.23
8,24,40,2,0.24
8,24,41,2,0.49
8,24,42,2,0.25
8,24,43,2,0.27
8,24,44,2,0.535
8,24,45,2,0.545
8,24,46,2,0.825
